22
32
37
57
60
71
78
80
81
86
95
123
126
168
169
182
260
281
301
308
311
330
338
340
343
357
388
391
400
407
411
418
426
443
467
469
473
480
486
503
519
539
563
568
592
607
613
615
618
625
642
658
658
660
683
683
705
713
717
719
721
729
737
747
761
776
778
784
786
801
816
817
817
825
836
839
841
842
865
872
895
901
904
911
937
940
947
955
956
958
965
981
1013
1026
1042
1045
1047
1126
1133
1145
1201
1205
1210
1216
1219
1227
1227
1243
1255
1258
1265
1269
1285
1291
1296
1302
1311
1316
1319
1326
1330
1367
1398
1404
1410
1415
1424
1457
1464
1468
1469
1485
1486
1504
1508
1525
1537
1543
1544
1546
1552
1565
1582
1583
1598
1612
1630
1647
1706
1741
1760
1795
1797
1801
1816
1818
1826
1831
1833
1845
1854
1866
1873
1874
1902
1903
1911
1915
1930
1944
1953
1958
1963
1969
1970
1983
2030
2034
2035
2039
2046
2074
2079
2084
2090
2099
2113
2118
2124
2126
2133
2135
2147
2161
2161
2166
2177
2202
2215
2227
2236
2251
2251
2262
2263
2264
2283
2283
2285
2296
2317
2323
2325
2359
2368
2370
2372
2373
2379
2386
2405
2407
2416
2421
2427
2448
2450
2452
2453
2460
2468
2470
2476
2478
2494
2502
2517
2528
2539
2540
2543
2552
2557
2576
2614
2615
2626
2628
2630
2644
2674
2690
2711
2724
2735
2740
2747
2755
2755
2759
2769
2775
2817
2822
2828
2834
2845
2855
2873
2880
2881
2881
2904
2911
2917
2918
2920
2923
2927
2948
2972
2977
2985
3031
3032
3080
3083
3088
3102
3112
3115
3123
3131
3138
3141
3154
3167
3175
3189
3198
3200
3207
3209
3224
3234
3235
3250
3252
3252
3271
3315
3318
3338
3355
3363
3368
3373
3377
3380
3386
3405
3416
3427
3433
3467
3474
3493
3496
3502
3509
3515
3525
3550
3552
3571
3576
3577
3580
3590
3593
3610
3610
3663
3666
3670
3671
3675
3677
3688
3706
3711
3711
3721
3732
3733
3735
3738
3740
3755
3769
3774
3775
3776
3787
3788
3802
3806
3816
3822
3829
3852
3863
3871
3874
3890
3920
3926
3939
3945
3949
3952
3967
3976
3983
4018
4033
4040
4053
4062
4072
4073
4075
4081
4092
4107
4124
4128
4148
4148
4153
4192
4220
4221
4241
4242
4259
4263
4270
4272
4283
4288
4298
4302
4319
4331
4331
4333
4352
4355
4368
4375
4398
4418
4423
4432
4445
4447
4487
4504
4514
4534
4540
4542
4556
4560
4570
4571
4578
4597
4618
4619
4626
4629
4638
4646
4647
4653
4655
4657
4658
4695
4696
4705
4712
4713
4721
4726
4792
4802
4815
4828
4832
4846
4868
4872
4876
4894
4904
4911
4916
4935
4936
4951
4954
4955
4960
4972
4998
5005
5006
5007
5013
5021
5050
5076
5093
5103
5109
5125
5128
5145
5148
5173
5174
5185
5199
5211
5243
5261
5286
5294
5310
5311
5317
5333
5359
5364
5367
5376
5377
5385
5388
5395
5398
5405
5423
5428
5440
5447
5484
5498
5504
5520
5522
5529
5531
5538
5540
5546
5548
5549
5563
5571
5596
5600
5624
5625
5649
5660
5664
5672
5689
5696
5708
5720
5724
5726
5741
5743
5758
5780
5782
5786
5790
5791
5802
5816
5818
5823
5823
5832
5843
5856
5867
5873
5873
5882
5891
5900
5908
5917
5924
5931
5939
5951
5961
5961
5967
5969
5988
5991
5997
5997
6018
6029
6032
6034
6038
6043
6050
6059
6063
6063
6075
6111
6116
6125
6127
6145
6150
6160
6165
6179
6180
6183
6185
6202
6205
6244
6247
6255
6264
6267
6276
6334
6339
6346
6365
6372
6383
6390
6423
6424
6429
6462
6477
6485
6524
6539
6539
6558
6575
6575
6578
6588
6603
6630
6649
6674
6686
6687
6688
6693
6694
6698
6708
6713
6719
6723
6733
6751
6752
6758
6762
6782
6806
6836
6845
6853
6876
6887
6892
6901
6903
6919
6943
6982
6982
6988
7005
7012
7029
7030
7043
7060
7061
7064
7068
7081
7083
7085
7095
7096
7129
7133
7159
7167
7170
7175
7185
7186
7189
7189
7210
7220
7234
7234
7236
7239
7250
7265
7278
7281
7289
7305
7325
7340
7348
7354
7395
7398
7425
7451
7458
7476
7494
7527
7530
7534
7538
7539
7542
7546
7554
7554
7562
7593
7594
7600
7607
7608
7622
7625
7628
7641
7645
7649
7677
7681
7689
7693
7699
7709
7709
7744
7746
7773
7780
7818
7827
7844
7852
7854
7882
7884
7891
7897
7900
7919
7927
7929
7930
7930
7939
7951
7960
7972
7974
7980
7980
7995
7998
8029
8029
8059
8067
8094
8118
8121
8132
8132
8138
8156
8181
8197
8203
8209
8214
8214
8231
8245
8245
8250
8261
8268
8271
8271
8284
8292
8296
8331
8337
8340
8343
8347
8349
8351
8353
8357
8360
8402
8402
8424
8439
8441
8457
8484
8496
8496
8508
8511
8511
8527
8546
8555
8572
8590
8600
8607
8613
8617
8626
8632
8655
8659
8671
8679
8715
8719
8728
8750
8766
8784
8798
8806
8826
8828
8830
8841
8849
8851
8870
8884
8887
8896
8896
8919
8928
8941
8945
8955
8959
8974
8975
8996
9010
9017
9018
9039
9041
9050
9088
9089
9091
9094
9096
9106
9172
9190
9197
9217
9231
9249
9253
9262
9272
9278
9279
9281
9284
9290
9292
9292
9294
9299
9302
9308
9316
9323
9323
9335
9349
9350
9351
9356
9361
9368
9377
9378
9382
9402
9410
9412
9421
9429
9468
9496
9515
9534
9541
9553
9557
9573
9573
9575
9596
9634
9637
9658
9662
9662
9665
9668
9673
9682
9689
9689
9709
9728
9732
9734
9747
9752
9754
9756
9764
9766
9769
9785
9789
9803
9836
9838
9870
9888
9888
9892
9923
9940
9946
9957
9961
9970
9975
9994
10004
10011
10013
10030
10033
10050
10051
10060
10081
10088
10100
10103
10138
10176
10183
10185
10188
10190
10193
10226
10248
10249
10250
10264
10285
10300
10303
10312
10313
10324
10332
10339
10355
10358
10373
10375
10395
10403
10408
10410
10418
10422
10430
10430
10433
10434
10437
10442
10461
10472
10474
10477
10478
10515
10521
10529
10538
10539
10543
10547
10564
10567
10570
10570
10585
10587
10603
10607
10622
10625
10643
10647
10681
10684
10692
10698
10699
10705
10709
10716
10783
10815
10841
10854
10868
10871
10876
10888
10891
10910
10919
10928
10943
10944
10953
10968
10972
10977
10989
11019
11032
11043
11044
11049
11058
11065
11079
11089
11097
11102
11119
11147
11158
11168
11192
11197
11206
11207
11247
11249
11253
11254
11261
11264
11275
11281
11288
11291
11295
11314
11321
11325
11340
11356
11391
11392
11398
11416
11418
11424
11428
11431
11444
11448
11452
11454
11477
11484
11487
11516
11522
11540
11549
11551
11559
11574
11576
11576
11577
11578
11583
11598
11600
11613
11622
11623
11642
11644
11653
11663
11670
11678
11679
11685
11687
11691
11709
11713
11738
11739
11742
11744
11750
11755
11800
11806
11810
11817
11825
11831
11834
11841
11844
11846
11848
11856
11912
11913
11925
11937
11953
11966
11967
11976
11979
11990
11990
11997
12009
12015
12037
12047
12052
12053
12059
12078
12088
12088
12088
12093
12096
12107
12107
12126
12142
12151
12156
12160
12176
12178
12197
12204
12233
12233
12234
12237
12311
12317
12325
12325
12328
12349
12353
12360
12364
12365
12377
12378
12389
12389
12414
12430
12452
12471
12481
12498
12517
12520
12521
12522
12532
12537
12541
12550
12561
12566
12568
12569
12603
12604
12606
12607
12610
12623
12625
12638
12670
12673
12695
12699
12708
12753
12763
12783
12794
12794
12798
12809
12812
12819
12820
12824
12825
12826
12854
12863
12863
12866
12878
12880
12884
12903
12933
12933
12934
12943
12948
12957
12964
12967
12975
12979
12979
12998
13010
13034
13043
13050
13060
13071
13104
13109
13153
13162
13167
13172
13179
13189
13193
13216
13217
13282
13290
13317
13360
13362
13363
13364
13381
13388
13396
13417
13420
13420
13437
13453
13460
13462
13482
13483
13529
13530
13538
13543
13545
13574
13585
13587
13597
13600
13622
13629
13638
13639
13657
13668
13681
13689
13693
13697
13700
13705
13705
13715
13729
13733
13738
13742
13743
13747
13764
13778
13783
13808
13827
13864
13868
13873
13878
13890
13895
13906
13915
13918
13930
13938
13942
13945
13974
13974
13990
14000
14002
14007
14032
14036
14040
14045
14048
14056
14063
14069
14078
14083
14089
14111
14118
14127
14180
14181
14182
14202
14210
14216
14230
14249
14256
14256
14266
14275
14281
14282
14287
14290
14300
14301
14307
14344
14354
14354
14357
14379
14382
14382
14387
14388
14390
14405
14406
14408
14411
14417
14421
14426
14427
14438
14445
14446
14452
14469
14472
14475
14485
14496
14505
14510
14512
14519
14536
14552
14565
14569
14578
14589
14594
14605
14619
14656
14663
14670
14711
14720
14730
14731
14740
14797
14810
14820
14833
14841
14849
14856
14860
14863
14871
14904
14906
14911
14929
14955
14956
14985
14986
15002
15007
15037
15059
15059
15074
15083
15145
15198
15202
15206
15211
15212
15213
15228
15244
15258
15261
15267
15285
15286
15294
15298
15306
15308
15323
15328
15329
15393
15414
15414
15451
15463
15464
15490
15502
15519
15522
15531
15536
15544
15547
15557
15588
15590
15590
15592
15597
15651
15682
15693
15695
15710
15714
15731
15737
15753
15795
15796
15800
15804
15804
15804
15805
15817
15821
15848
15855
15856
15857
15862
15862
15864
15897
15910
15928
15943
15967
15968
15970
15986
15991
15996
16002
16011
16012
16018
16022
16030
16036
16038
16050
16053
16057
16066
16068
16073
16080
16080
16080
16084
16086
16093
16106
16111
16117
16118
16121
16147
16153
16175
16183
16190
16195
16195
16201
16213
16222
16230
16230
16232
16249
16250
16272
16286
16288
16310
16323
16327
16340
16345
16379
16414
16414
16418
16435
16456
16458
16468
16482
16490
16535
16543
16546
16549
16557
16557
16568
16572
16576
16578
16589
16593
16641
16643
16687
16703
16724
16729
16732
16743
16750
16759
16760
16780
16786
16787
16789
16789
16790
16794
16800
16822
16823
16830
16840
16848
16857
16857
16861
16862
16873
16884
16885
16895
16913
16914
16916
16918
16924
16933
16936
16941
16969
16971
16985
16987
17009
17042
17045
17047
17047
17059
17061
17062
17067
17070
17073
17076
17079
17085
17087
17098
17103
17111
17112
17118
17119
17120
17125
17135
17148
17159
17165
17167
17177
17203
17205
17223
17227
17229
17266
17272
17284
17286
17316
17341
17350
17365
17367
17376
17404
17412
17422
17423
17423
17426
17443
17462
17468
17497
17507
17517
17521
17550
17567
17577
17601
17610
17611
17612
17635
17640
17650
17686
17688
17688
17692
17699
17716
17728
17730
17736
17745
17763
17774
17779
17785
17789
17790
17802
17837
17841
17870
17879
17884
17886
17902
17919
17920
17920
17927
17930
17970
17997
17997
18003
18006
18010
18029
18036
18039
18054
18065
18069
18077
18077
18102
18120
18128
18153
18157
18165
18171
18176
18188
18210
18229
18248
18258
18289
18291
18300
18301
18303
18303
18307
18312
18334
18339
18340
18345
18350
18358
18360
18362
18363
18368
18381
18410
18435
18443
18456
18461
18487
18487
18494
18502
18503
18531
18549
18552
18552
18556
18562
18566
18571
18575
18577
18580
18589
18590
18607
18610
18623
18627
18628
18630
18638
18639
18646
18648
18654
18663
18669
18677
18689
18726
18738
18745
18775
18781
18795
18802
18805
18836
18850
18856
18859
18865
18884
18884
18908
18926
18938
18941
18947
18962
18973
18974
18991
19007
19019
19019
19045
19066
19088
19117
19156
19160
19163
19184
19195
19217
19252
19269
19282
19282
19303
19305
19321
19335
19347
19349
19368
19368
19419
19441
19442
19463
19471
19476
19477
19482
19487
19491
19493
19506
19515
19521
19522
19527
19532
19536
19537
19542
19544
19553
19559
19585
19603
19614
19617
19639
19646
19661
19664
19694
19735
19761
19775
19776
19783
19815
19829
19832
19835
19837
19842
19857
19884
19887
19888
19894
19897
19900
19935
19935
19945
19947
19993
20000
20021
20026
20032
20038
20044
20078
20080
20087
20088
20094
20113
20117
20122
20135
20136
20147
20154
20163
20165
20201
20203
20205
20207
20216
20224
20239
20251
20275
20284
20294
20314
20324
20327
20334
20336
20339
20341
20347
20350
20352
20362
20368
20376
20389
20404
20417
20423
20429
20446
20455
20462
20467
20486
20499
20501
20530
20534
20559
20568
20571
20572
20596
20598
20615
20618
20620
20638
20643
20652
20660
20675
20694
20697
20699
20706
20713
20728
20732
20740
20761
20765
20769
20772
20780
20784
20786
20818
20826
20832
20848
20853
20854
20859
20861
20863
20874
20884
20892
20899
20909
20940
20954
20956
20957
20975
20985
20987
20991
20994
20995
20998
20998
20999
21006
21030
21036
21041
21053
21058
21063
21067
21068
21070
21072
21075
21096
21124
21126
21132
21146
21152
21159
21168
21168
21172
21179
21188
21189
21205
21222
21231
21235
21250
21254
21264
21266
21286
21288
21289
21300
21302
21313
21315
21338
21345
21351
21352
21359
21372
21381
21391
21396
21397
21414
21440
21455
21466
21497
21500
21509
21516
21532
21548
21549
21551
21560
21567
21578
21581
21594
21596
21617
21640
21641
21645
21647
21657
21661
21678
21687
21706
21706
21719
21742
21745
21747
21778
21783
21808
21832
21862
21871
21883
21884
21885
21889
21890
21890
21893
21909
21913
21923
21927
21949
21960
21981
21982
21983
21986
21997
22027
22029
22064
22069
22084
22086
22104
22104
22114
22119
22121
22142
22145
22165
22191
22193
22202
22245
22246
22254
22259
22261
22291
22314
22331
22345
22345
22348
22389
22390
22393
22409
22411
22430
22447
22461
22471
22473
22473
22482
22487
22522
22541
22543
22545
22546
22557
22561
22561
22583
22591
22601
22606
22608
22636
22639
22643
22645
22655
22659
22682
22690
22696
22733
22751
22759
22763
22766
22766
22766
22774
22783
22785
22787
22787
22796
22882
22882
22884
22885
22887
22901
22910
22919
22928
22931
22936
22938
22940
22941
22943
22962
22973
22973
22984
23011
23065
23074
23075
23082
23086
23100
23105
23122
23126
23127
23135
23140
23142
23150
23157
23160
23167
23181
23186
23187
23188
23194
23202
23207
23222
23222
23226
23226
23245
23290
23294
23315
23317
23317
23322
23323
23326
23362
23368
23370
23372
23375
23399
23420
23435
23441
23447
23458
23463
23464
23487
23494
23499
23505
23511
23533
23535
23540
23547
23572
23574
23584
23585
23593
23595
23597
23625
23636
23645
23651
23673
23683
23695
23704
23711
23763
23769
23774
23776
23786
23788
23793
23818
23823
23841
23860
23865
23874
23889
23910
23915
23924
23942
23967
23971
23971
23997
23999
24004
24025
24025
24029
24046
24050
24060
24063
24078
24082
24083
24092
24101
24102
24106
24108
24110
24114
24119
24135
24143
24147
24158
24190
24191
24207
24252
24256
24263
24287
24308
24314
24319
24319
24326
24327
24339
24356
24379
24394
24396
24413
24416
24465
24479
24495
24505
24506
24508
24516
24517
24524
24540
24552
24560
24564
24574
24591
24604
24610
24631
24637
24639
24642
24649
24657
24658
24666
24671
24692
24693
24695
24699
24701
24717
24740
24742
24772
24776
24786
24802
24806
24812
24814
24826
24827
24834
24835
24847
24893
24895
24929
24937
24946
24949
24974
24976
24993
25013
25019
25036
25041
25046
25047
25060
25068
25073
25081
25091
25091
25096
25101
25116
25122
25123
25126
25126
25129
25149
25153
25158
25167
25167
25179
25245
25268
25278
25281
25303
25307
25332
25343
25357
25370
25387
25406
25411
25411
25414
25419
25424
25451
25454
25463
25486
25513
25526
25548
25584
25608
25608
25618
25620
25628
25658
25664
25666
25679
25680
25682
25684
25693
25693
25701
25715
25725
25733
25740
25769
25776
25785
25800
25841
25841
25850
25855
25876
25877
25881
25882
25892
25896
25897
25902
25908
25914
25927
25947
25959
25960
25961
25966
25967
25976
25982
25995
25997
25999
26015
26065
26066
26068
26069
26069
26084
26093
26104
26107
26109
26110
26110
26125
26130
26147
26152
26172
26181
26182
26192
26215
26222
26237
26263
26264
26278
26283
26290
26295
26297
26310
26311
26312
26318
26319
26319
26327
26328
26337
26357
26371
26375
26382
26394
26394
26399
26402
26419
26427
26432
26458
26492
26494
26506
26512
26512
26518
26526
26569
26572
26595
26604
26635
26655
26665
26669
26686
26699
26722
26728
26731
26737
26754
26764
26767
26767
26768
26779
26783
26789
26796
26821
26824
26840
26844
26851
26855
26861
26874
26879
26883
26884
26897
26910
26923
26954
26966
26981
26982
27010
27028
27029
27032
27033
27043
27051
27055
27059
27068
27089
27100
27105
27110
27113
27117
27119
27139
27141
27146
27153
27162
27162
27164
27170
27193
27197
27201
27205
27234
27271
27286
27290
27299
27300
27305
27310
27312
27327
27348
27350
27351
27379
27400
27411
27415
27416
27429
27436
27440
27447
27448
27454
27464
27465
27480
27480
27486
27489
27500
27508
27512
27513
27523
27524
27531
27534
27544
27544
27557
27564
27583
27587
27615
27629
27642
27642
27656
27660
27674
27676
27690
27695
27697
27703
27706
27717
27725
27740
27751
27771
27783
27803
27813
27814
27831
27838
27845
27849
27853
27861
27876
27878
27901
27927
27949
27949
27961
27968
27995
28035
28051
28055
28073
28088
28088
28089
28090
28102
28117
28146
28151
28154
28161
28166
28173
28221
28232
28241
28242
28246
28250
28258
28277
28285
28301
28319
28327
28337
28342
28343
28378
28393
28404
28437
28440
28443
28445
28446
28447
28449
28460
28470
28472
28473
28477
28479
28486
28490
28493
28497
28502
28512
28513
28526
28550
28554
28555
28558
28569
28617
28646
28651
28652
28654
28660
28661
28664
28673
28674
28681
28698
28702
28704
28704
28715
28754
28760
28767
28785
28786
28789
28813
28828
28842
28858
28864
28869
28874
28878
28879
28930
28951
28955
28970
28972
28972
28975
28977
28980
28986
28995
29001
29003
29005
29028
29037
29057
29066
29073
29091
29097
29110
29114
29118
29126
29143
29154
29173
29184
29189
29195
29200
29207
29212
29214
29221
29226
29238
29239
29241
29244
29249
29252
29273
29308
29318
29322
29338
29347
29351
29365
29382
29383
29393
29418
29450
29463
29488
29500
29513
29541
29547
29549
29550
29572
29580
29591
29597
29599
29601
29646
29681
29689
29689
29704
29706
29712
29729
29739
29744
29781
29795
29801
29816
29820
29826
29830
29831
29836
29859
29894
29905
29938
29983
29986
29997
30011
30024
30027
30038
30042
30044
30064
30067
30079
30090
30095
30106
30109
30113
30115
30129
30132
30138
30140
30150
30155
30166
30174
30193
30226
30233
30238
30240
30245
30254
30257
30264
30274
30277
30296
30344
30365
30384
30392
30402
30404
30410
30412
30413
30433
30435
30437
30448
30451
30456
30467
30527
30531
30533
30552
30555
30581
30588
30604
30606
30670
30679
30686
30689
30689
30722
30733
30739
30752
30762
30769
30776
30778
30782
30801
30810
30816
30825
30825
30828
30831
30860
30872
30875
30883
30888
30894
30898
30905
30915
30920
30924
30930
30970
30972
30977
30980
31024
31034
31042
31048
31066
31068
31079
31088
31112
31115
31117
31139
31162
31170
31171
31190
31192
31208
31216
31217
31224
31227
31229
31232
31244
31249
31265
31272
31273
31278
31283
31308
31311
31312
31316
31318
31342
31347
31360
31369
31401
31425
31446
31447
31459
31471
31488
31508
31528
31540
31546
31549
31552
31557
31563
31598
31614
31616
31623
31627
31645
31663
31669
31673
31694
31696
31699
31708
31715
31731
31753
31754
31756
31763
31775
31795
31796
31799
31811
31821
31842
31850
31850
31857
31867
31869
31871
31881
31906
31909
31927
31928
31959
31962
31983
31988
31994
32013
32024
32049
32052
32058
32070
32086
32095
32106
32108
32110
32118
32126
32139
32148
32162
32171
32177
32182
32189
32205
32208
32222
32228
32242
32245
32246
32253
32255
32256
32263
32265
32267
32278
32288
32289
32292
32295
32299
32300
32306
32313
32321
32324
32326
32326
32337
32341
32355
32374
32378
32387
32387
32391
32392
32405
32409
32424
32434
32452
32462
32479
32491
32515
32529
32534
32539
32545
32545
32546
32547
32548
32553
32557
32560
32563
32564
32588
32600
32603
32610
32630
32644
32646
32654
32661
32673
32675
32693
32730
32733
32752
32758
32767
32769
32785
32786
32800
32806
32828
32831
32832
32845
32860
32862
32864
32874
32884
32887
32925
32932
32952
32956
32962
32962
32963
32972
32977
32978
32978
32991
32996
33001
33005
33007
33032
33045
33059
33060
33060
33066
33067
33073
33074
33078
33096
33100
33114
33122
33123
33126
33138
33142
33143
33162
33167
33180
33181
33182
33205
33227
33242
33262
33269
33274
33295
33301
33317
33323
33343
33411
33412
33416
33424
33424
33428
33430
33442
33450
33453
33460
33475
33480
33485
33490
33499
33515
33522
33541
33556
33563
33582
33617
33637
33653
33667
33670
33671
33672
33682
33697
33704
33714
33727
33744
33763
33774
33777
33828
33837
33869
33893
33905
33919
33932
33936
33939
33940
33940
33944
33953
33954
33955
33968
33976
33982
33988
33995
34006
34019
34032
34033
34040
34047
34056
34075
34078
34078
34083
34087
34129
34134
34140
34160
34210
34213
34230
34236
34249
34257
34265
34283
34303
34307
34329
34336
34355
34357
34376
34379
34379
34390
34421
34438
34451
34454
34466
34477
34487
34495
34496
34505
34510
34512
34515
34521
34529
34539
34544
34550
34557
34559
34562
34567
34587
34587
34588
34589
34609
34616
34620
34627
34631
34632
34637
34637
34646
34658
34662
34697
34702
34717
34736
34744
34746
34752
34753
34758
34760
34760
34762
34771
34775
34795
34801
34815
34823
34824
34837
34854
34872
34881
34881
34907
34920
34943
34951
34966
34967
34978
34982
34992
35002
35005
35009
35010
35013
35017
35024
35058
35069
35071
35074
35083
35094
35103
35167
35168
35171
35172
35172
35172
35175
35183
35195
35200
35231
35231
35248
35251
35260
35283
35284
35287
35291
35310
35316
35317
35319
35327
35344
35349
35353
35354
35371
35390
35398
35404
35432
35440
35459
35461
35466
35480
35505
35516
35517
35543
35543
35543
35575
35576
35579
35596
35612
35628
35629
35632
35639
35649
35668
35677
35695
35696
35698
35700
35719
35732
35755
35757
35759
35763
35774
35786
35793
35806
35808
35845
35878
35889
35900
35902
35906
35910
35919
35924
35933
35934
35944
35954
35970
35997
35999
36002
36029
36060
36100
36103
36106
36119
36123
36123
36127
36146
36156
36160
36161
36174
36180
36192
36192
36200
36204
36208
36218
36220
36265
36267
36286
36291
36292
36302
36306
36307
36314
36315
36320
36323
36336
36345
36371
36372
36379
36404
36426
36458
36462
36512
36514
36529
36532
36539
36548
36554
36562
36572
36574
36579
36584
36592
36599
36610
36612
36613
36624
36634
36641
36655
36667
36676
36689
36743
36751
36753
36769
36775
36782
36782
36784
36786
36792
36794
36795
36797
36811
36813
36829
36844
36847
36863
36869
36875
36891
36916
36920
36923
36926
36948
36955
36976
36979
37009
37028
37051
37065
37086
37088
37102
37114
37117
37125
37135
37143
37145
37151
37157
37158
37161
37175
37176
37202
37232
37259
37271
37279
37280
37284
37285
37317
37331
37333
37337
37370
37388
37394
37398
37409
37411
37431
37438
37450
37458
37465
37468
37473
37475
37475
37500
37516
37535
37538
37544
37552
37558
37569
37575
37579
37595
37600
37606
37610
37628
37628
37632
37637
37638
37650
37679
37703
37716
37727
37736
37737
37769
37774
37800
37801
37806
37825
37837
37842
37845
37863
37864
37868
37869
37876
37903
37917
37917
37925
37941
37959
37971
37974
37991
37998
38002
38002
38007
38018
38024
38038
38045
38048
38057
38063
38063
38070
38070
38119
38123
38128
38134
38158
38159
38168
38178
38180
38195
38199
38204
38220
38229
38241
38256
38257
38261
38265
38269
38270
38271
38274
38278
38295
38295
38296
38314
38323
38332
38338
38344
38379
38393
38396
38399
38414
38415
38452
38460
38461
38469
38474
38486
38501
38510
38510
38512
38515
38520
38525
38525
38528
38534
38564
38576
38579
38591
38597
38600
38608
38608
38612
38626
38657
38658
38681
38717
38719
38727
38729
38739
38743
38751
38759
38763
38777
38785
38804
38811
38816
38847
38861
38861
38863
38864
38866
38868
38880
38881
38882
38890
38895
38903
38907
38909
38917
38928
38939
38943
38947
38950
38957
38964
38983
39001
39005
39012
39022
39023
39026
39028
39032
39038
39040
39045
39057
39063
39081
39086
39091
39098
39118
39118
39122
39181
39184
39198
39202
39203
39223
39234
39234
39248
39250
39255
39264
39277
39283
39301
39307
39336
39373
39385
39385
39389
39395
39396
39419
39425
39430
39431
39455
39457
39472
39473
39474
39477
39478
39489
39518
39544
39551
39604
39620
39626
39658
39674
39703
39704
39705
39719
39723
39729
39752
39753
39761
39768
39775
39809
39810
39813
39818
39833
39835
39835
39835
39848
39848
39857
39871
39875
39882
39888
39895
39898
39910
39933
39934
39939
39957
39961
39966
39991
40003
40024
40053
40066
40074
40098
40118
40131
40133
40135
40139
40140
40145
40176
40176
40183
40188
40188
40198
40201
40211
40227
40248
40279
40288
40292
40296
40318
40323
40327
40329
40350
40391
40395
40406
40419
40424
40433
40446
40448
40454
40456
40469
40471
40477
40480
40483
40503
40529
40560
40564
40575
40578
40579
40586
40590
40627
40640
40673
40677
40679
40684
40703
40708
40711
40716
40720
40725
40733
40739
40740
40741
40777
40802
40812
40818
40831
40836
40839
40850
40880
40893
40907
40914
40926
40932
40933
40962
40965
40970
40986
40986
40989
41005
41007
41010
41018
41066
41080
41082
41096
41131
41138
41150
41165
41172
41180
41195
41207
41209
41214
41222
41239
41255
41257
41319
41334
41351
41355
41359
41363
41398
41413
41415
41417
41421
41427
41444
41449
41451
41454
41456
41459
41469
41499
41512
41516
41539
41579
41592
41592
41601
41609
41610
41613
41632
41636
41656
41660
41682
41712
41715
41725
41727
41741
41768
41780
41794
41812
41818
41823
41827
41830
41834
41843
41866
41866
41914
41921
41921
41940
41941
41942
41955
41971
42008
42013
42020
42040
42046
42059
42066
42077
42093
42096
42097
42121
42131
42137
42139
42140
42151
42161
42179
42180
42212
42224
42225
42226
42231
42231
42252
42255
42270
42286
42287
42287
42297
42320
42329
42333
42334
42342
42342
42359
42375
42400
42402
42426
42436
42445
42457
42479
42485
42516
42544
42579
42591
42603
42614
42644
42647
42659
42660
42661
42663
42675
42684
42689
42696
42703
42704
42707
42721
42722
42722
42726
42730
42731
42731
42748
42749
42751
42753
42768
42780
42787
42791
42792
42803
42832
42835
42846
42852
42859
42913
42916
42920
42921
42932
42973
42986
42994
43012
43026
43034
43035
43063
43073
43080
43081
43089
43140
43141
43141
43150
43165
43169
43184
43187
43194
43194
43197
43199
43210
43211
43213
43222
43225
43236
43240
43244
43257
43295
43297
43320
43324
43333
43346
43348
43356
43356
43369
43369
43379
43380
43395
43400
43420
43432
43451
43467
43482
43485
43491
43507
43513
43539
43555
43557
43622
43635
43646
43651
43666
43670
43677
43688
43696
43700
43703
43705
43757
43766
43779
43781
43794
43812
43821
43842
43857
43919
43936
43938
43939
43965
43970
43982
43983
43986
43988
43999
44032
44035
44055
44069
44138
44148
44154
44167
44196
44223
44241
44245
44246
44249
44268
44268
44279
44281
44282
44319
44342
44353
44356
44361
44368
44382
44403
44414
44414
44429
44449
44457
44462
44475
44477
44479
44483
44509
44513
44586
44593
44599
44601
44605
44631
44651
44674
44682
44693
44693
44694
44705
44733
44747
44759
44776
44783
44787
44791
44807
44822
44888
44892
44901
44906
44906
44916
44919
44924
44931
44946
44975
45005
45017
45024
45040
45052
45066
45080
45085
45085
45092
45097
45118
45120
45124
45144
45188
45217
45222
45237
45245
45254
45277
45287
45287
45288
45289
45294
45297
45298
45298
45303
45304
45310
45311
45312
45330
45343
45353
45356
45363
45365
45366
45369
45384
45399
45434
45440
45440
45460
45461
45470
45482
45484
45490
45491
45492
45521
45525
45535
45559
45566
45568
45570
45572
45586
45591
45600
45617
45620
45623
45630
45631
45635
45635
45647
45653
45663
45674
45675
45698
45722
45723
45725
45727
45792
45804
45807
45808
45810
45812
45825
45862
45870
45875
45884
45887
45902
45905
45908
45925
45940
45942
45946
45959
45961
45961
45964
45976
45980
45983
45998
46007
46025
46039
46049
46062
46064
46081
46089
46098
46108
46109
46116
46124
46138
46141
46142
46151
46156
46212
46219
46246
46248
46253
46258
46267
46279
46290
46292
46305
46306
46309
46318
46319
46328
46378
46392
46420
46421
46437
46442
46444
46473
46555
46559
46568
46592
46592
46605
46608
46613
46645
46654
46681
46682
46683
46690
46693
46700
46716
46725
46734
46734
46741
46750
46763
46767
46768
46803
46850
46865
46874
46874
46886
46898
46900
46900
46915
46930
46934
46944
46971
47004
47021
47079
47080
47096
47102
47116
47127
47133
47135
47141
47153
47165
47177
47177
47188
47188
47194
47207
47208
47209
47216
47229
47230
47233
47252
47263
47265
47266
47285
47286
47311
47346
47350
47373
47374
47379
47397
47399
47404
47410
47428
47449
47450
47458
47465
47482
47488
47495
47501
47515
47516
47526
47526
47529
47531
47532
47548
47554
47565
47580
47582
47591
47593
47594
47601
47623
47635
47639
47644
47652
47678
47679
47708
47711
47757
47758
47766
47787
47798
47834
47837
47840
47848
47856
47857
47857
47859
47861
47874
47886
47894
47915
47917
47947
47961
47973
47976
47979
47982
47990
47996
48014
48025
48026
48034
48045
48046
48046
48060
48096
48098
48118
48151
48159
48173
48210
48230
48238
48243
48247
48250
48252
48252
48259
48266
48276
48295
48355
48355
48380
48389
48391
48394
48396
48402
48423
48431
48462
48462
48463
48467
48475
48483
48497
48500
48509
48510
48534
48550
48555
48564
48567
48588
48604
48605
48626
48664
48668
48678
48683
48689
48696
48704
48713
48719
48721
48730
48734
48735
48736
48744
48755
48784
48789
48795
48805
48815
48816
48817
48819
48825
48858
48862
48865
48870
48877
48886
48894
48895
48897
48933
48966
48989
49012
49015
49025
49028
49035
49045
49060
49061
49062
49065
49067
49072
49077
49100
49101
49114
49116
49122
49163
49194
49200
49200
49215
49225
49256
49256
49261
49262
49271
49287
49288
49293
49295
49306
49315
49318
49337
49360
49362
49366
49377
49400
49439
49454
49456
49470
49470
49477
49480
49480
49491
49492
49495
49496
49504
49509
49509
49515
49533
49534
49536
49540
49544
49546
49546
49563
49586
49589
49597
49651
49653
49681
49700
49718
49756
49760
49774
49787
49800
49811
49832
49838
49899
49913
49933
49934
49944
49963
49964
49984
49988
50001
50007
50042
50051
50059
50066
50083
50085
50089
50098
50124
50127
50130
50150
50151
50154
50156
50157
50191
50199
50210
50220
50239
50242
50244
50249
50273
50277
50283
50300
50303
50306
50313
50313
50319
50329
50347
50361
50362
50370
50373
50373
50376
50384
50409
50419
50426
50430
50437
50437
50439
50466
50474
50497
50526
50526
50538
50539
50553
50555
50563
50604
50607
50615
50623
50634
50635
50639
50641
50642
50660
50666
50706
50732
50740
50744
50757
50766
50768
50771
50780
50789
50797
50807
50814
50818
50818
50846
50851
50851
50854
50856
50858
50865
50868
50879
50893
50896
50902
50904
50907
50916
50922
50925
50934
50948
50955
50970
50985
51000
51001
51009
51028
51030
51036
51037
51067
51079
51083
51085
51093
51096
51110
51111
51124
51130
51133
51144
51149
51160
51166
51168
51169
51176
51190
51198
51201
51213
51215
51233
51243
51252
51267
51268
51284
51290
51294
51306
51345
51345
51367
51372
51372
51374
51395
51404
51428
51432
51450
51453
51454
51469
51483
51483
51495
51496
51498
51498
51504
51511
51512
51519
51523
51527
51537
51549
51573
51603
51612
51612
51624
51630
51633
51633
51644
51648
51660
51669
51670
51678
51692
51700
51725
51736
51743
51750
51764
51841
51848
51855
51858
51868
51869
51880
51890
51892
51893
51900
51919
51940
51951
51962
51966
51989
51993
51993
52001
52006
52035
52052
52073
52086
52087
52088
52094
52124
52125
52126
52145
52175
52183
52192
52203
52223
52227
52241
52242
52245
52268
52291
52311
52320
52338
52341
52349
52363
52366
52369
52374
52400
52411
52428
52433
52463
52477
52488
52491
52494
52494
52495
52506
52514
52518
52542
52566
52583
52591
52593
52612
52629
52633
52633
52637
52647
52655
52684
52693
52702
52705
52712
52714
52717
52733
52739
52740
52742
52758
52765
52780
52783
52786
52789
52817
52825
52833
52859
52865
52874
52885
52912
52914
52928
52939
52940
52946
52951
52956
52971
52974
52975
52975
52992
53025
53031
53032
53042
53052
53055
53067
53068
53068
53072
53076
53080
53106
53108
53118
53135
53166
53167
53168
53169
53191
53196
53207
53220
53233
53243
53244
53244
53254
53257
53257
53260
53263
53268
53270
53270
53277
53282
53291
53292
53293
53294
53295
53299
53305
53343
53345
53350
53378
53395
53396
53409
53425
53428
53440
53457
53461
53462
53463
53489
53512
53512
53548
53554
53560
53564
53603
53610
53647
53653
53660
53674
53676
53680
53685
53707
53734
53736
53752
53758
53760
53775
53784
53791
53796
53827
53841
53854
53858
53864
53864
53867
53886
53890
53912
53923
53931
53945
53952
53960
53961
53978
53999
53999
54002
54015
54029
54040
54043
54062
54067
54069
54083
54095
54109
54129
54146
54178
54193
54197
54207
54220
54222
54224
54232
54237
54252
54253
54257
54263
54272
54276
54302
54313
54333
54336
54339
54340
54342
54350
54353
54358
54365
54371
54371
54375
54376
54389
54401
54409
54428
54440
54451
54454
54461
54482
54496
54497
54514
54517
54527
54530
54540
54542
54561
54588
54612
54625
54626
54633
54634
54649
54650
54658
54658
54669
54681
54683
54683
54699
54705
54712
54713
54732
54732
54736
54750
54768
54784
54786
54846
54855
54870
54872
54892
54909
54923
54941
54970
54972
54977
54980
54982
54983
54989
54998
55022
55025
55030
55035
55044
55046
55047
55049
55052
55067
55071
55079
55091
55095
55115
55131
55142
55155
55164
55167
55186
55201
55207
55226
55227
55244
55260
55262
55271
55272
55277
55308
55309
55309
55309
55319
55324
55328
55346
55364
55366
55376
55378
55383
55391
55405
55412
55415
55421
55425
55434
55437
55444
55460
55478
55484
55486
55492
55494
55502
55504
55506
55535
55536
55539
55555
55563
55567
55567
55577
55585
55601
55603
55614
55618
55625
55644
55652
55660
55663
55673
55678
55679
55684
55687
55693
55694
55697
55697
55708
55710
55721
55722
55726
55729
55732
55735
55745
55751
55771
55781
55820
55822
55830
55832
55838
55855
55861
55863
55864
55870
55889
55910
55912
55932
55940
55949
55958
55961
55967
55971
55982
56007
56025
56035
56054
56085
56089
56092
56094
56102
56123
56136
56157
56193
56219
56239
56240
56265
56266
56293
56302
56312
56327
56327
56350
56353
56358
56370
56387
56390
56390
56395
56400
56425
56442
56443
56456
56469
56471
56483
56485
56487
56491
56495
56500
56503
56507
56509
56532
56543
56545
56553
56558
56578
56579
56598
56615
56619
56620
56623
56632
56640
56652
56703
56715
56716
56726
56737
56756
56767
56776
56788
56824
56841
56851
56864
56878
56888
56926
56950
56951
56962
56963
56965
56968
56968
56971
56978
56981
57008
57019
57023
57034
57037
57045
57048
57069
57076
57096
57102
57107
57117
57118
57121
57124
57130
57133
57137
57141
57145
57154
57156
57166
57171
57223
57239
57243
57260
57264
57277
57282
57295
57296
57306
57313
57326
57328
57331
57339
57348
57356
57370
57375
57383
57384
57407
57416
57418
57419
57419
57429
57431
57448
57451
57451
57460
57466
57506
57510
57521
57524
57524
57529
57538
57540
57551
57554
57582
57583
57584
57593
57606
57620
57624
57665
57704
57707
57713
57728
57737
57742
57750
57772
57772
57776
57779
57779
57809
57813
57820
57833
57836
57837
57841
57842
57845
57845
57849
57856
57874
57880
57884
57884
57895
57908
57921
57925
57947
57969
57991
58010
58016
58020
58027
58044
58070
58072
58082
58084
58087
58088
58109
58115
58133
58158
58172
58173
58197
58207
58211
58219
58229
58237
58245
58246
58257
58262
58266
58272
58279
58285
58313
58314
58329
58343
58344
58347
58350
58354
58374
58378
58385
58425
58447
58448
58451
58463
58474
58476
58477
58492
58503
58514
58526
58527
58543
58560
58564
58601
58638
58655
58668
58671
58735
58735
58743
58746
58752
58759
58808
58813
58819
58823
58829
58831
58837
58838
58855
58868
58869
58872
58885
58886
58911
58936
58947
58950
58956
58958
58961
58994
58996
59051
59052
59067
59072
59077
59086
59098
59112
59135
59142
59143
59161
59204
59225
59246
59265
59271
59284
59287
59303
59316
59324
59356
59360
59362
59371
59387
59393
59418
59449
59480
59484
59495
59496
59497
59497
59498
59498
59525
59525
59539
59547
59558
59563
59569
59598
59602
59602
59602
59608
59616
59619
59623
59628
59628
59634
59634
59653
59654
59664
59668
59669
59672
59675
59678
59681
59689
59698
59706
59713
59751
59784
59784
59795
59802
59809
59815
59836
59842
59849
59855
59872
59890
59899
59940
59944
59952
59957
59971
59980
59981
59986
60023
60028
60032
60034
60072
60081
60089
60100
60157
60169
60202
60206
60207
60211
60218
60221
60236
60238
60258
60279
60280
60298
60313
60315
60321
60327
60341
60349
60363
60369
60370
60378
60381
60387
60390
60417
60435
60446
60457
60502
60524
60531
60540
60566
60571
60584
60590
60591
60599
60603
60613
60626
60630
60649
60661
60671
60671
60678
60694
60704
60722
60741
60753
60786
60796
60800
60824
60824
60827
60828
60845
60854
60871
60875
60883
60883
60896
60918
60923
60924
60929
60953
60966
60967
60972
60978
60996
61008
61008
61027
61029
61033
61049
61058
61059
61059
61061
61119
61127
61132
61140
61142
61143
61143
61149
61154
61168
61183
61183
61211
61212
61227
61228
61234
61272
61291
61304
61308
61329
61353
61372
61372
61408
61422
61427
61444
61446
61451
61460
61465
61470
61475
61476
61476
61478
61484
61501
61501
61504
61527
61529
61546
61560
61575
61591
61600
61603
61609
61615
61634
61641
61650
61651
61662
61669
61678
61682
61697
61703
61707
61718
61719
61725
61734
61745
61746
61749
61763
61765
61774
61817
61852
61855
61861
61863
61863
61869
61870
61876
61877
61888
61896
61954
61961
61963
61985
61991
61995
62000
62004
62012
62025
62033
62042
62044
62056
62058
62064
62065
62074
62078
62104
62106
62121
62129
62151
62171
62176
62179
62206
62213
62220
62227
62228
62242
62242
62259
62263
62264
62266
62300
62308
62323
62324
62331
62345
62356
62377
62385
62387
62387
62407
62436
62439
62442
62448
62464
62473
62485
62486
62497
62503
62504
62506
62507
62537
62548
62592
62597
62597
62612
62620
62638
62647
62651
62669
62690
62743
62743
62765
62780
62795
62820
62826
62829
62848
62863
62868
62869
62869
62890
62891
62900
62903
62906
62921
62929
62938
62943
62961
62964
62966
62978
62979
63020
63020
63025
63041
63047
63050
63063
63066
63075
63077
63102
63106
63112
63112
63122
63123
63132
63137
63140
63158
63161
63164
63193
63196
63198
63198
63205
63220
63225
63256
63296
63301
63315
63317
63317
63324
63325
63336
63345
63360
63365
63367
63371
63376
63378
63389
63408
63419
63437
63450
63464
63472
63474
63478
63483
63494
63495
63497
63501
63503
63503
63508
63509
63509
63512
63519
63520
63521
63545
63546
63564
63568
63568
63572
63575
63579
63583
63593
63609
63611
63617
63632
63655
63657
63669
63674
63685
63693
63709
63714
63725
63728
63742
63745
63769
63771
63779
63817
63821
63828
63858
63863
63878
63883
63906
63918
63922
63923
63930
63945
63970
63971
63972
63991
63996
64020
64021
64024
64028
64031
64038
64051
64052
64072
64080
64111
64139
64144
64153
64184
64184
64185
64189
64208
64214
64218
64237
64242
64258
64263
64272
64274
64281
64285
64309
64348
64362
64384
64409
64415
64418
64429
64429
64430
64442
64460
64471
64496
64514
64518
64522
64528
64533
64535
64556
64566
64578
64588
64597
64604
64653
64653
64663
64685
64688
64706
64708
64710
64716
64728
64729
64738
64747
64795
64797
64800
64807
64812
64821
64832
64842
64846
64850
64878
64886
64899
64900
64901
64905
64923
64924
64932
64946
64971
65029
65030
65034
65035
65036
65040
65075
65099
65137
65146
65150
65155
65165
65185
65199
65207
65211
65213
65229
65244
65247
65254
65264
65266
65268
65278
65288
65302
65311
65329
65332
65335
65359
65359
65359
65375
65377
65383
65391
65405
65415
65433
65444
65480
65481
65488
65489
65526
65529
65545
65554
65568
65600
65619
65625
65667
65686
65692
65693
65699
65703
65707
65707
65716
65742
65753
65757
65758
65782
65791
65808
65819
65827
65828
65831
65839
65839
65854
65856
65857
65862
65879
65890
65898
65900
65964
65970
65972
65975
65976
65983
65986
65988
66008
66021
66028
66030
66046
66048
66062
66066
66080
66084
66093
66094
66108
66117
66125
66156
66161
66171
66178
66191
66197
66201
66204
66222
66230
66230
66234
66235
66239
66259
66272
66277
66293
66303
66333
66342
66345
66346
66349
66360
66372
66383
66388
66391
66393
66409
66416
66427
66441
66446
66456
66469
66469
66488
66502
66507
66509
66510
66526
66529
66531
66531
66534
66535
66564
66587
66597
66608
66628
66633
66640
66641
66670
66681
66691
66691
66702
66718
66719
66733
66738
66740
66784
66792
66796
66800
66807
66809
66832
66836
66865
66874
66884
66919
66934
66939
66944
66956
66960
66980
66988
67006
67018
67019
67024
67027
67031
67056
67059
67061
67071
67072
67076
67095
67108
67114
67116
67117
67130
67140
67148
67154
67168
67177
67181
67197
67216
67234
67234
67234
67235
67244
67248
67257
67259
67273
67284
67297
67302
67318
67333
67350
67353
67355
67360
67367
67367
67384
67385
67385
67395
67398
67398
67405
67422
67427
67432
67441
67447
67449
67452
67452
67453
67455
67456
67468
67481
67483
67521
67522
67523
67523
67528
67547
67551
67557
67562
67568
67576
67581
67592
67597
67604
67607
67610
67611
67626
67629
67641
67645
67657
67661
67676
67720
67743
67756
67760
67785
67795
67802
67810
67828
67828
67834
67853
67856
67866
67870
67880
67929
67946
67951
67963
67967
67984
67992
67994
68000
68000
68001
68014
68016
68018
68024
68025
68073
68092
68095
68154
68171
68186
68195
68205
68206
68214
68230
68242
68249
68256
68262
68266
68268
68280
68284
68285
68286
68290
68300
68320
68323
68328
68341
68355
68358
68389
68390
68394
68395
68418
68426
68430
68434
68444
68462
68472
68473
68489
68502
68509
68520
68531
68544
68551
68552
68573
68599
68606
68606
68609
68611
68613
68631
68632
68635
68637
68637
68643
68649
68657
68684
68719
68723
68724
68731
68770
68771
68773
68782
68787
68795
68796
68816
68838
68838
68842
68861
68863
68873
68884
68887
68892
68932
68951
68956
68964
68967
68979
68988
69003
69003
69008
69021
69025
69028
69029
69045
69055
69055
69056
69066
69073
69074
69110
69111
69116
69125
69143
69145
69174
69192
69194
69198
69203
69206
69210
69228
69235
69247
69253
69255
69290
69290
69299
69302
69305
69305
69305
69309
69311
69313
69327
69350
69361
69366
69373
69373
69384
69389
69391
69393
69395
69413
69437
69437
69438
69443
69447
69485
69506
69515
69515
69519
69527
69571
69578
69581
69597
69597
69599
69601
69603
69619
69628
69628
69667
69671
69676
69678
69691
69702
69712
69719
69761
69801
69807
69813
69816
69817
69828
69838
69838
69848
69854
69870
69872
69895
69895
69897
69901
69902
69903
69905
69929
69940
69965
69968
69987
70004
70005
70017
70027
70048
70051
70052
70055
70056
70092
70094
70101
70101
70107
70131
70137
70153
70162
70174
70184
70225
70241
70242
70249
70253
70287
70292
70308
70312
70314
70316
70331
70337
70339
70348
70382
70385
70399
70404
70424
70429
70430
70453
70453
70459
70463
70465
70470
70493
70503
70532
70550
70567
70583
70598
70616
70618
70621
70627
70637
70651
70652
70655
70669
70670
70673
70678
70707
70711
70711
70716
70716
70732
70734
70757
70760
70777
70779
70780
70814
70822
70836
70843
70850
70861
70862
70866
70920
70931
70937
70944
70959
70963
70972
70975
70982
70987
71003
71006
71023
71025
71043
71044
71054
71065
71085
71094
71100
71105
71105
71107
71121
71123
71126
71133
71135
71154
71172
71194
71197
71199
71203
71204
71213
71215
71220
71233
71235
71241
71243
71246
71247
71270
71292
71296
71297
71316
71325
71332
71346
71375
71403
71428
71451
71480
71484
71487
71489
71506
71507
71525
71537
71537
71546
71547
71548
71580
71585
71596
71602
71625
71642
71651
71681
71682
71682
71716
71739
71743
71751
71769
71786
71790
71814
71814
71825
71828
71837
71870
71893
71907
71916
71928
71930
71932
71944
71949
71977
71989
71991
71994
71995
72029
72062
72063
72065
72070
72073
72088
72096
72100
72103
72104
72123
72129
72131
72155
72195
72195
72201
72202
72202
72206
72218
72224
72227
72230
72248
72253
72253
72266
72269
72271
72277
72288
72296
72297
72302
72314
72315
72355
72371
72374
72388
72393
72404
72405
72408
72414
72435
72436
72464
72469
72489
72491
72499
72533
72547
72557
72563
72572
72584
72584
72591
72601
72607
72630
72646
72647
72647
72650
72653
72654
72656
72657
72662
72672
72704
72715
72716
72724
72730
72753
72761
72770
72770
72796
72801
72815
72821
72823
72833
72835
72844
72863
72867
72873
72883
72903
72908
72917
72918
72947
72951
72952
72953
72958
72964
72974
72978
72982
72992
72999
73006
73013
73014
73016
73026
73031
73064
73065
73074
73084
73112
73125
73145
73186
73209
73239
73244
73256
73266
73296
73303
73307
73318
73327
73337
73342
73346
73350
73353
73378
73388
73408
73410
73410
73420
73437
73441
73454
73455
73459
73459
73461
73464
73478
73507
73509
73509
73526
73546
73555
73559
73560
73564
73568
73574
73577
73587
73601
73621
73637
73641
73641
73641
73644
73667
73681
73689
73694
73703
73722
73746
73752
73765
73775
73776
73783
73785
73798
73803
73807
73808
73815
73826
73829
73835
73841
73844
73850
73856
73858
73864
73884
73885
73900
73903
73903
73914
73928
73934
73949
73958
73974
73982
73984
73996
74019
74022
74054
74059
74064
74078
74086
74096
74097
74105
74111
74129
74144
74148
74148
74167
74172
74182
74192
74216
74232
74233
74248
74265
74272
74276
74285
74288
74290
74296
74316
74321
74323
74329
74335
74339
74348
74358
74359
74380
74389
74399
74402
74418
74433
74449
74465
74494
74498
74500
74507
74515
74541
74566
74569
74575
74577
74612
74618
74625
74652
74672
74676
74677
74677
74678
74680
74683
74688
74693
74695
74701
74702
74711
74714
74716
74721
74776
74824
74824
74829
74860
74862
74878
74886
74888
74911
74919
74920
74924
74929
74941
74945
74973
74974
74986
75003
75018
75018
75025
75037
75046
75067
75084
75101
75108
75124
75171
75186
75188
75188
75191
75207
75217
75230
75233
75238
75243
75255
75263
75265
75282
75283
75297
75298
75306
75318
75324
75330
75339
75342
75359
75361
75375
75376
75408
75411
75431
75437
75440
75445
75449
75453
75482
75484
75494
75513
75517
75534
75539
75541
75547
75553
75557
75558
75578
75587
75589
75591
75599
75600
75612
75629
75641
75651
75669
75688
75688
75697
75705
75717
75721
75730
75736
75758
75768
75778
75791
75796
75800
75810
75842
75859
75871
75878
75886
75895
75896
75897
75911
75916
75931
75967
75998
76002
76022
76050
76135
76140
76149
76154
76156
76158
76159
76172
76197
76199
76210
76215
76219
76256
76265
76265
76275
76310
76355
76355
76356
76363
76366
76369
76373
76381
76429
76431
76438
76440
76441
76452
76468
76469
76486
76520
76532
76534
76555
76561
76586
76587
76588
76600
76602
76615
76628
76669
76670
76678
76678
76688
76693
76698
76710
76714
76721
76730
76755
76773
76774
76778
76778
76779
76788
76814
76815
76815
76829
76832
76844
76860
76872
76872
76872
76884
76907
76923
76934
76939
76940
76949
76950
76952
76960
76962
76991
77006
77022
77024
77029
77048
77063
77065
77070
77070
77079
77101
77108
77111
77112
77117
77153
77159
77169
77183
77195
77202
77205
77208
77209
77214
77216
77252
77259
77265
77296
77367
77368
77371
77376
77383
77399
77411
77413
77414
77450
77451
77453
77465
77474
77491
77498
77508
77518
77520
77527
77554
77558
77564
77564
77592
77608
77625
77629
77651
77666
77673
77677
77685
77704
77706
77712
77716
77716
77753
77755
77759
77771
77774
77786
77788
77789
77793
77800
77802
77832
77852
77859
77859
77875
77876
77879
77902
77918
77926
77928
77938
77946
77950
77954
77954
77968
77974
77995
77996
78001
78014
78022
78026
78037
78061
78088
78089
78095
78103
78104
78112
78123
78137
78150
78168
78187
78190
78201
78216
78227
78233
78237
78245
78247
78249
78257
78260
78284
78284
78292
78297
78306
78310
78310
78315
78317
78344
78347
78355
78358
78384
78387
78395
78396
78397
78400
78406
78410
78416
78441
78448
78458
78459
78464
78477
78486
78486
78525
78532
78543
78570
78591
78598
78602
78608
78610
78619
78621
78625
78641
78643
78643
78645
78649
78656
78664
78665
78678
78680
78689
78693
78694
78698
78726
78741
78741
78752
78758
78763
78768
78770
78780
78792
78808
78812
78822
78832
78835
78852
78878
78884
78885
78911
78925
78930
78937
78941
78941
78943
78964
78973
78982
79022
79046
79047
79049
79057
79058
79065
79073
79080
79081
79085
79085
79087
79090
79090
79106
79116
79126
79128
79134
79136
79140
79171
79174
79178
79184
79189
79204
79212
79223
79238
79241
79245
79246
79247
79249
79259
79260
79264
79268
79280
79291
79295
79298
79301
79321
79337
79341
79350
79351
79356
79358
79372
79376
79380
79384
79409
79412
79439
79443
79451
79459
79463
79468
79474
79487
79487
79497
79514
79521
79536
79545
79546
79569
79589
79601
79612
79622
79623
79633
79636
79655
79662
79683
79695
79697
79715
79720
79752
79754
79757
79760
79795
79806
79811
79828
79831
79832
79833
79833
79835
79845
79846
79864
79870
79881
79882
79884
79892
79914
79922
79952
79953
79976
79978
79987
79988
80003
80018
80018
80019
80022
80027
80029
80050
80050
80081
80095
80108
80114
80150
80154
80156
80177
80190
80192
80193
80216
80233
80235
80245
80249
80261
80270
80276
80286
80294
80294
80304
80316
80327
80383
80386
80389
80404
80414
80425
80430
80465
80470
80474
80479
80498
80506
80518
80523
80526
80541
80545
80559
80559
80563
80574
80574
80575
80581
80585
80592
80599
80608
80619
80634
80635
80637
80651
80657
80658
80659
80662
80665
80670
80673
80676
80683
80696
80702
80702
80707
80709
80723
80728
80759
80762
80802
80803
80812
80826
80835
80842
80862
80867
80892
80897
80900
80907
80919
80929
80932
80939
80958
80963
80970
80978
80989
80989
81002
81004
81006
81006
81013
81031
81045
81059
81065
81070
81073
81089
81089
81098
81125
81146
81148
81173
81197
81200
81206
81206
81211
81225
81232
81250
81251
81259
81261
81270
81282
81285
81329
81330
81344
81348
81368
81382
81382
81393
81397
81415
81422
81431
81433
81444
81445
81454
81463
81469
81486
81487
81492
81520
81539
81563
81576
81588
81599
81646
81650
81651
81661
81664
81668
81676
81681
81698
81720
81751
81761
81763
81809
81814
81817
81840
81853
81855
81860
81874
81876
81881
81888
81903
81908
81915
81955
81959
81960
81973
81987
81989
82009
82012
82033
82038
82051
82075
82080
82099
82115
82123
82123
82125
82127
82133
82140
82156
82159
82170
82174
82177
82198
82199
82211
82220
82228
82229
82230
82243
82244
82269
82283
82289
82289
82300
82301
82318
82323
82326
82331
82332
82344
82347
82351
82366
82368
82375
82391
82401
82402
82440
82444
82445
82449
82450
82483
82485
82498
82508
82523
82536
82542
82548
82550
82567
82581
82604
82608
82612
82617
82627
82636
82646
82650
82651
82655
82657
82657
82657
82663
82687
82689
82694
82703
82703
82708
82710
82711
82711
82719
82720
82722
82756
82762
82767
82790
82794
82807
82810
82820
82822
82847
82848
82854
82867
82869
82877
82885
82886
82887
82897
82898
82908
82911
82913
82915
82918
82934
82935
82937
82943
82947
82949
82950
82952
82964
82973
82990
82995
83001
83012
83020
83035
83039
83044
83053
83068
83070
83071
83073
83081
83084
83089
83092
83093
83099
83101
83106
83120
83123
83147
83153
83166
83204
83205
83206
83211
83212
83244
83259
83264
83274
83277
83285
83286
83292
83307
83318
83330
83340
83360
83367
83373
83376
83400
83407
83413
83425
83452
83464
83479
83479
83500
83513
83533
83542
83543
83551
83573
83577
83592
83610
83616
83625
83626
83637
83648
83651
83652
83664
83667
83667
83674
83685
83687
83688
83692
83698
83703
83709
83715
83727
83728
83730
83745
83745
83747
83758
83775
83775
83807
83809
83822
83836
83869
83874
83876
83906
83906
83907
83914
83936
83945
83946
83956
83982
83985
83995
84002
84012
84023
84039
84042
84045
84049
84052
84058
84069
84070
84072
84078
84094
84100
84118
84137
84145
84147
84164
84168
84168
84171
84229
84241
84244
84247
84254
84265
84278
84279
84288
84305
84308
84313
84321
84324
84324
84325
84343
84374
84394
84398
84399
84406
84406
84425
84428
84429
84430
84438
84458
84460
84469
84470
84474
84482
84489
84499
84507
84508
84511
84519
84526
84528
84539
84540
84542
84561
84562
84581
84590
84595
84610
84615
84627
84643
84651
84653
84660
84661
84666
84679
84680
84682
84687
84691
84697
84711
84713
84721
84723
84729
84733
84738
84741
84743
84746
84796
84806
84807
84814
84819
84830
84837
84847
84847
84848
84874
84898
84905
84908
84936
84955
84974
84975
84977
84984
84987
84992
85002
85004
85004
85023
85036
85063
85065
85085
85090
85099
85102
85120
85126
85149
85156
85160
85169
85174
85180
85188
85203
85204
85220
85237
85241
85249
85249
85250
85266
85268
85294
85295
85306
85307
85313
85319
85320
85325
85328
85346
85358
85365
85394
85414
85415
85416
85421
85422
85425
85428
85430
85464
85465
85478
85494
85502
85504
85510
85512
85514
85516
85517
85524
85524
85525
85526
85527
85531
85531
85546
85549
85562
85570
85580
85594
85609
85611
85611
85623
85638
85646
85651
85678
85686
85689
85699
85704
85716
85724
85727
85748
85749
85753
85778
85781
85797
85801
85803
85812
85843
85844
85848
85869
85871
85884
85893
85897
85900
85900
85905
85917
85965
85971
85989
85993
86006
86011
86019
86021
86024
86027
86028
86028
86032
86032
86037
86040
86042
86050
86054
86056
86084
86086
86088
86100
86105
86110
86130
86148
86156
86158
86164
86166
86169
86188
86205
86207
86237
86246
86246
86254
86262
86277
86282
86284
86293
86313
86317
86329
86338
86342
86351
86353
86363
86364
86368
86375
86388
86404
86416
86426
86432
86457
86476
86480
86495
86502
86503
86504
86506
86528
86529
86533
86536
86551
86553
86556
86561
86593
86612
86612
86618
86625
86626
86639
86641
86643
86643
86648
86648
86667
86691
86701
86705
86721
86729
86752
86771
86772
86801
86807
86815
86826
86836
86836
86841
86845
86856
86875
86887
86894
86899
86915
86948
86950
86957
86963
87018
87026
87034
87037
87051
87060
87069
87075
87084
87098
87107
87119
87121
87122
87123
87132
87133
87146
87147
87151
87161
87167
87167
87171
87205
87220
87222
87226
87230
87246
87248
87248
87251
87264
87269
87284
87289
87309
87310
87311
87317
87321
87339
87339
87378
87383
87389
87389
87393
87407
87443
87449
87472
87497
87524
87526
87526
87547
87565
87567
87570
87573
87581
87614
87645
87648
87649
87654
87670
87674
87678
87697
87708
87723
87724
87743
87748
87757
87764
87773
87775
87777
87780
87785
87805
87814
87822
87840
87844
87857
87858
87870
87875
87888
87899
87904
87908
87912
87927
87929
87939
87960
87963
87966
87970
87978
87981
87984
87989
87991
88000
88026
88029
88051
88058
88074
88093
88112
88130
88131
88133
88135
88136
88166
88176
88178
88195
88197
88206
88208
88209
88212
88226
88238
88246
88256
88259
88261
88267
88293
88302
88305
88308
88333
88334
88358
88363
88369
88395
88404
88409
88415
88417
88426
88457
88460
88469
88475
88483
88489
88492
88503
88515
88515
88521
88538
88552
88559
88568
88584
88588
88588
88588
88597
88614
88615
88617
88626
88639
88641
88641
88663
88670
88682
88691
88705
88735
88775
88778
88789
88795
88798
88803
88817
88822
88826
88847
88852
88861
88862
88876
88882
88886
88891
88894
88896
88902
88934
88967
88968
88968
88998
88999
89003
89007
89014
89016
89069
89070
89084
89091
89091
89104
89104
89126
89127
89131
89132
89134
89142
89151
89160
89171
89173
89218
89244
89246
89260
89268
89282
89291
89298
89314
89318
89339
89346
89374
89375
89400
89410
89421
89425
89438
89446
89458
89468
89475
89488
89501
89513
89534
89539
89541
89542
89558
89567
89587
89599
89614
89632
89647
89652
89675
89682
89687
89697
89714
89736
89757
89773
89774
89790
89806
89806
89819
89823
89839
89859
89862
89897
89904
89916
89959
89967
89974
89977
89995
90008
90021
90024
90027
90041
90044
90048
90077
90081
90088
90115
90122
90126
90127
90145
90164
90165
90186
90194
90196
90200
90217
90233
90236
90239
90247
90248
90259
90264
90265
90284
90292
90313
90320
90335
90343
90366
90376
90385
90388
90391
90391
90399
90403
90440
90448
90460
90462
90464
90486
90492
90499
90500
90507
90518
90523
90526
90536
90539
90555
90570
90588
90617
90642
90659
90663
90679
90683
90689
90713
90721
90723
90731
90733
90735
90763
90770
90772
90778
90780
90782
90786
90794
90808
90816
90829
90832
90835
90840
90840
90866
90871
90890
90890
90894
90899
90905
90912
90925
90946
90952
90953
90974
91004
91006
91017
91032
91045
91056
91059
91071
91095
91099
91117
91144
91148
91155
91172
91191
91212
91227
91250
91269
91275
91280
91289
91291
91291
91299
91305
91307
91320
91330
91336
91348
91349
91351
91358
91359
91392
91401
91414
91417
91430
91433
91467
91505
91525
91527
91528
91539
91544
91549
91551
91570
91603
91611
91612
91622
91624
91627
91634
91654
91663
91684
91696
91697
91747
91749
91754
91760
91768
91794
91860
91872
91886
91899
91905
91939
91953
91964
91980
91987
91990
91994
91994
92001
92013
92019
92033
92036
92056
92062
92079
92086
92095
92097
92111
92119
92123
92158
92161
92165
92175
92179
92180
92181
92188
92189
92192
92200
92204
92208
92214
92214
92218
92225
92233
92272
92279
92279
92299
92307
92330
92344
92354
92359
92378
92384
92391
92414
92415
92422
92445
92458
92465
92467
92469
92477
92480
92485
92506
92513
92528
92532
92537
92568
92571
92579
92595
92618
92627
92644
92656
92656
92662
92673
92674
92686
92687
92693
92716
92722
92726
92730
92738
92748
92755
92758
92770
92784
92791
92822
92823
92836
92842
92845
92847
92856
92869
92871
92871
92880
92900
92912
92949
92953
92985
92991
93003
93007
93018
93026
93031
93034
93043
93060
93088
93103
93106
93120
93123
93123
93123
93127
93128
93128
93136
93137
93145
93146
93163
93172
93186
93187
93209
93212
93220
93221
93226
93234
93260
93292
93294
93303
93314
93320
93340
93353
93385
93391
93396
93415
93425
93429
93435
93439
93443
93448
93490
93510
93511
93555
93573
93584
93597
93598
93619
93627
93635
93651
93667
93667
93674
93686
93687
93705
93710
93715
93727
93739
93777
93797
93802
93840
93849
93857
93858
93874
93878
93895
93902
93911
93915
93918
93919
93920
93924
93933
93952
93953
93971
93973
93986
93995
94020
94028
94037
94038
94052
94056
94057
94078
94079
94083
94103
94119
94121
94126
94139
94146
94159
94164
94173
94185
94200
94203
94205
94214
94224
94225
94232
94235
94250
94250
94260
94265
94267
94287
94305
94316
94323
94336
94342
94345
94363
94380
94390
94395
94397
94451
94488
94489
94501
94502
94507
94541
94553
94554
94567
94569
94586
94591
94621
94632
94632
94646
94650
94661
94680
94695
94698
94702
94702
94706
94734
94747
94771
94772
94774
94780
94786
94791
94794
94824
94831
94835
94860
94861
94861
94886
94900
94906
94908
94954
94956
94969
94984
94992
94995
95005
95022
95027
95029
95035
95044
95050
95063
95078
95086
95094
95095
95105
95110
95115
95143
95147
95154
95157
95160
95162
95167
95177
95191
95193
95202
95203
95209
95222
95232
95241
95244
95256
95260
95270
95295
95300
95301
95306
95327
95339
95340
95343
95348
95353
95357
95365
95369
95373
95374
95376
95382
95389
95395
95395
95404
95431
95431
95435
95469
95470
95474
95507
95524
95549
95558
95572
95577
95600
95607
95615
95629
95667
95693
95714
95723
95728
95744
95757
95776
95779
95779
95783
95790
95791
95794
95804
95809
95814
95821
95825
95846
95870
95874
95882
95885
95894
95897
95907
95911
95920
95928
95941
95979
95987
95991
96030
96050
96051
96063
96083
96089
96092
96095
96099
96119
96119
96125
96135
96137
96145
96147
96149
96165
96167
96180
96214
96219
96244
96250
96265
96291
96317
96318
96326
96347
96348
96360
96400
96408
96408
96413
96416
96424
96429
96434
96434
96439
96443
96445
96466
96473
96515
96518
96528
96535
96549
96555
96564
96568
96607
96613
96636
96646
96651
96675
96682
96686
96687
96692
96707
96721
96726
96730
96731
96745
96753
96801
96821
96840
96841
96846
96855
96856
96862
96864
96865
96866
96883
96885
96890
96893
96894
96911
96914
96936
96941
96953
96954
96960
96978
96980
96984
97030
97032
97059
97065
97070
97078
97101
97105
97113
97162
97172
97172
97184
97193
97227
97230
97236
97244
97250
97270
97276
97284
97308
97319
97319
97379
97381
97382
97399
97400
97406
97406
97421
97425
97441
97461
97461
97471
97484
97489
97495
97500
97511
97526
97541
97543
97620
97623
97625
97627
97631
97638
97642
97660
97666
97685
97692
97734
97745
97752
97767
97769
97775
97792
97802
97815
97872
97874
97878
97879
97887
97888
97889
97906
97906
97906
97913
97942
97947
97960
97975
97988
98004
98024
98024
98024
98025
98025
98060
98068
98084
98102
98105
98111
98111
98124
98124
98147
98149
98153
98155
98183
98184
98216
98241
98252
98270
98273
98275
98279
98290
98300
98303
98305
98306
98311
98327
98328
98329
98339
98348
98354
98387
98401
98402
98411
98413
98425
98428
98430
98442
98443
98483
98488
98521
98527
98546
98551
98557
98560
98564
98568
98575
98591
98595
98618
98619
98622
98623
98635
98637
98638
98648
98652
98678
98681
98685
98690
98696
98721
98746
98748
98775
98777
98784
98789
98837
98842
98858
98872
98880
98904
98924
98930
98934
98946
98977
98999
99001
99005
99014
99020
99073
99079
99083
99119
99125
99159
99163
99164
99166
99166
99185
99200
99203
99209
99220
99222
99238
99252
99253
99256
99266
99295
99302
99313
99340
99344
99350
99369
99374
99379
99389
99403
99405
99406
99418
99436
99437
99442
99450
99455
99456
99463
99469
99470
99477
99479
99480
99481
99486
99503
99505
99507
99521
99524
99539
99550
99568
99593
99593
99596
99598
99639
99642
99649
99651
99657
99676
99692
99695
99696
99698
99700
99718
99728
99729
99738
99751
99792
99817
99821
99827
99829
99831
99849
99849
99853
99872
99874
99875
99884
99885
99896
99907
99908
99925
99926
99930
99938
99943
99952
99977
99980
99989
99995
