99995
99989
99980
99977
99952
99943
99938
99930
99926
99925
99908
99907
99896
99885
99884
99875
99874
99872
99853
99849
99849
99831
99829
99827
99821
99817
99792
99751
99738
99729
99728
99718
99700
99698
99696
99695
99692
99676
99657
99651
99649
99642
99639
99598
99596
99593
99593
99568
99550
99539
99524
99521
99507
99505
99503
99486
99481
99480
99479
99477
99470
99469
99463
99456
99455
99450
99442
99437
99436
99418
99406
99405
99403
99389
99379
99374
99369
99350
99344
99340
99313
99302
99295
99266
99256
99253
99252
99238
99222
99220
99209
99203
99200
99185
99166
99166
99164
99163
99159
99125
99119
99083
99079
99073
99020
99014
99005
99001
98999
98977
98946
98934
98930
98924
98904
98880
98872
98858
98842
98837
98789
98784
98777
98775
98748
98746
98721
98696
98690
98685
98681
98678
98652
98648
98638
98637
98635
98623
98622
98619
98618
98595
98591
98575
98568
98564
98560
98557
98551
98546
98527
98521
98488
98483
98443
98442
98430
98428
98425
98413
98411
98402
98401
98387
98354
98348
98339
98329
98328
98327
98311
98306
98305
98303
98300
98290
98279
98275
98273
98270
98252
98241
98216
98184
98183
98155
98153
98149
98147
98124
98124
98111
98111
98105
98102
98084
98068
98060
98025
98025
98024
98024
98024
98004
97988
97975
97960
97947
97942
97913
97906
97906
97906
97889
97888
97887
97879
97878
97874
97872
97815
97802
97792
97775
97769
97767
97752
97745
97734
97692
97685
97666
97660
97642
97638
97631
97627
97625
97623
97620
97543
97541
97526
97511
97500
97495
97489
97484
97471
97461
97461
97441
97425
97421
97406
97406
97400
97399
97382
97381
97379
97319
97319
97308
97284
97276
97270
97250
97244
97236
97230
97227
97193
97184
97172
97172
97162
97113
97105
97101
97078
97070
97065
97059
97032
97030
96984
96980
96978
96960
96954
96953
96941
96936
96914
96911
96894
96893
96890
96885
96883
96866
96865
96864
96862
96856
96855
96846
96841
96840
96821
96801
96753
96745
96731
96730
96726
96721
96707
96692
96687
96686
96682
96675
96651
96646
96636
96613
96607
96568
96564
96555
96549
96535
96528
96518
96515
96473
96466
96445
96443
96439
96434
96434
96429
96424
96416
96413
96408
96408
96400
96360
96348
96347
96326
96318
96317
96291
96265
96250
96244
96219
96214
96180
96167
96165
96149
96147
96145
96137
96135
96125
96119
96119
96099
96095
96092
96089
96083
96063
96051
96050
96030
95991
95987
95979
95941
95928
95920
95911
95907
95897
95894
95885
95882
95874
95870
95846
95825
95821
95814
95809
95804
95794
95791
95790
95783
95779
95779
95776
95757
95744
95728
95723
95714
95693
95667
95629
95615
95607
95600
95577
95572
95558
95549
95524
95507
95474
95470
95469
95435
95431
95431
95404
95395
95395
95389
95382
95376
95374
95373
95369
95365
95357
95353
95348
95343
95340
95339
95327
95306
95301
95300
95295
95270
95260
95256
95244
95241
95232
95222
95209
95203
95202
95193
95191
95177
95167
95162
95160
95157
95154
95147
95143
95115
95110
95105
95095
95094
95086
95078
95063
95050
95044
95035
95029
95027
95022
95005
94995
94992
94984
94969
94956
94954
94908
94906
94900
94886
94861
94861
94860
94835
94831
94824
94794
94791
94786
94780
94774
94772
94771
94747
94734
94706
94702
94702
94698
94695
94680
94661
94650
94646
94632
94632
94621
94591
94586
94569
94567
94554
94553
94541
94507
94502
94501
94489
94488
94451
94397
94395
94390
94380
94363
94345
94342
94336
94323
94316
94305
94287
94267
94265
94260
94250
94250
94235
94232
94225
94224
94214
94205
94203
94200
94185
94173
94164
94159
94146
94139
94126
94121
94119
94103
94083
94079
94078
94057
94056
94052
94038
94037
94028
94020
93995
93986
93973
93971
93953
93952
93933
93924
93920
93919
93918
93915
93911
93902
93895
93878
93874
93858
93857
93849
93840
93802
93797
93777
93739
93727
93715
93710
93705
93687
93686
93674
93667
93667
93651
93635
93627
93619
93598
93597
93584
93573
93555
93511
93510
93490
93448
93443
93439
93435
93429
93425
93415
93396
93391
93385
93353
93340
93320
93314
93303
93294
93292
93260
93234
93226
93221
93220
93212
93209
93187
93186
93172
93163
93146
93145
93137
93136
93128
93128
93127
93123
93123
93123
93120
93106
93103
93088
93060
93043
93034
93031
93026
93018
93007
93003
92991
92985
92953
92949
92912
92900
92880
92871
92871
92869
92856
92847
92845
92842
92836
92823
92822
92791
92784
92770
92758
92755
92748
92738
92730
92726
92722
92716
92693
92687
92686
92674
92673
92662
92656
92656
92644
92627
92618
92595
92579
92571
92568
92537
92532
92528
92513
92506
92485
92480
92477
92469
92467
92465
92458
92445
92422
92415
92414
92391
92384
92378
92359
92354
92344
92330
92307
92299
92279
92279
92272
92233
92225
92218
92214
92214
92208
92204
92200
92192
92189
92188
92181
92180
92179
92175
92165
92161
92158
92123
92119
92111
92097
92095
92086
92079
92062
92056
92036
92033
92019
92013
92001
91994
91994
91990
91987
91980
91964
91953
91939
91905
91899
91886
91872
91860
91794
91768
91760
91754
91749
91747
91697
91696
91684
91663
91654
91634
91627
91624
91622
91612
91611
91603
91570
91551
91549
91544
91539
91528
91527
91525
91505
91467
91433
91430
91417
91414
91401
91392
91359
91358
91351
91349
91348
91336
91330
91320
91307
91305
91299
91291
91291
91289
91280
91275
91269
91250
91227
91212
91191
91172
91155
91148
91144
91117
91099
91095
91071
91059
91056
91045
91032
91017
91006
91004
90974
90953
90952
90946
90925
90912
90905
90899
90894
90890
90890
90871
90866
90840
90840
90835
90832
90829
90816
90808
90794
90786
90782
90780
90778
90772
90770
90763
90735
90733
90731
90723
90721
90713
90689
90683
90679
90663
90659
90642
90617
90588
90570
90555
90539
90536
90526
90523
90518
90507
90500
90499
90492
90486
90464
90462
90460
90448
90440
90403
90399
90391
90391
90388
90385
90376
90366
90343
90335
90320
90313
90292
90284
90265
90264
90259
90248
90247
90239
90236
90233
90217
90200
90196
90194
90186
90165
90164
90145
90127
90126
90122
90115
90088
90081
90077
90048
90044
90041
90027
90024
90021
90008
89995
89977
89974
89967
89959
89916
89904
89897
89862
89859
89839
89823
89819
89806
89806
89790
89774
89773
89757
89736
89714
89697
89687
89682
89675
89652
89647
89632
89614
89599
89587
89567
89558
89542
89541
89539
89534
89513
89501
89488
89475
89468
89458
89446
89438
89425
89421
89410
89400
89375
89374
89346
89339
89318
89314
89298
89291
89282
89268
89260
89246
89244
89218
89173
89171
89160
89151
89142
89134
89132
89131
89127
89126
89104
89104
89091
89091
89084
89070
89069
89016
89014
89007
89003
88999
88998
88968
88968
88967
88934
88902
88896
88894
88891
88886
88882
88876
88862
88861
88852
88847
88826
88822
88817
88803
88798
88795
88789
88778
88775
88735
88705
88691
88682
88670
88663
88641
88641
88639
88626
88617
88615
88614
88597
88588
88588
88588
88584
88568
88559
88552
88538
88521
88515
88515
88503
88492
88489
88483
88475
88469
88460
88457
88426
88417
88415
88409
88404
88395
88369
88363
88358
88334
88333
88308
88305
88302
88293
88267
88261
88259
88256
88246
88238
88226
88212
88209
88208
88206
88197
88195
88178
88176
88166
88136
88135
88133
88131
88130
88112
88093
88074
88058
88051
88029
88026
88000
87991
87989
87984
87981
87978
87970
87966
87963
87960
87939
87929
87927
87912
87908
87904
87899
87888
87875
87870
87858
87857
87844
87840
87822
87814
87805
87785
87780
87777
87775
87773
87764
87757
87748
87743
87724
87723
87708
87697
87678
87674
87670
87654
87649
87648
87645
87614
87581
87573
87570
87567
87565
87547
87526
87526
87524
87497
87472
87449
87443
87407
87393
87389
87389
87383
87378
87339
87339
87321
87317
87311
87310
87309
87289
87284
87269
87264
87251
87248
87248
87246
87230
87226
87222
87220
87205
87171
87167
87167
87161
87151
87147
87146
87133
87132
87123
87122
87121
87119
87107
87098
87084
87075
87069
87060
87051
87037
87034
87026
87018
86963
86957
86950
86948
86915
86899
86894
86887
86875
86856
86845
86841
86836
86836
86826
86815
86807
86801
86772
86771
86752
86729
86721
86705
86701
86691
86667
86648
86648
86643
86643
86641
86639
86626
86625
86618
86612
86612
86593
86561
86556
86553
86551
86536
86533
86529
86528
86506
86504
86503
86502
86495
86480
86476
86457
86432
86426
86416
86404
86388
86375
86368
86364
86363
86353
86351
86342
86338
86329
86317
86313
86293
86284
86282
86277
86262
86254
86246
86246
86237
86207
86205
86188
86169
86166
86164
86158
86156
86148
86130
86110
86105
86100
86088
86086
86084
86056
86054
86050
86042
86040
86037
86032
86032
86028
86028
86027
86024
86021
86019
86011
86006
85993
85989
85971
85965
85917
85905
85900
85900
85897
85893
85884
85871
85869
85848
85844
85843
85812
85803
85801
85797
85781
85778
85753
85749
85748
85727
85724
85716
85704
85699
85689
85686
85678
85651
85646
85638
85623
85611
85611
85609
85594
85580
85570
85562
85549
85546
85531
85531
85527
85526
85525
85524
85524
85517
85516
85514
85512
85510
85504
85502
85494
85478
85465
85464
85430
85428
85425
85422
85421
85416
85415
85414
85394
85365
85358
85346
85328
85325
85320
85319
85313
85307
85306
85295
85294
85268
85266
85250
85249
85249
85241
85237
85220
85204
85203
85188
85180
85174
85169
85160
85156
85149
85126
85120
85102
85099
85090
85085
85065
85063
85036
85023
85004
85004
85002
84992
84987
84984
84977
84975
84974
84955
84936
84908
84905
84898
84874
84848
84847
84847
84837
84830
84819
84814
84807
84806
84796
84746
84743
84741
84738
84733
84729
84723
84721
84713
84711
84697
84691
84687
84682
84680
84679
84666
84661
84660
84653
84651
84643
84627
84615
84610
84595
84590
84581
84562
84561
84542
84540
84539
84528
84526
84519
84511
84508
84507
84499
84489
84482
84474
84470
84469
84460
84458
84438
84430
84429
84428
84425
84406
84406
84399
84398
84394
84374
84343
84325
84324
84324
84321
84313
84308
84305
84288
84279
84278
84265
84254
84247
84244
84241
84229
84171
84168
84168
84164
84147
84145
84137
84118
84100
84094
84078
84072
84070
84069
84058
84052
84049
84045
84042
84039
84023
84012
84002
83995
83985
83982
83956
83946
83945
83936
83914
83907
83906
83906
83876
83874
83869
83836
83822
83809
83807
83775
83775
83758
83747
83745
83745
83730
83728
83727
83715
83709
83703
83698
83692
83688
83687
83685
83674
83667
83667
83664
83652
83651
83648
83637
83626
83625
83616
83610
83592
83577
83573
83551
83543
83542
83533
83513
83500
83479
83479
83464
83452
83425
83413
83407
83400
83376
83373
83367
83360
83340
83330
83318
83307
83292
83286
83285
83277
83274
83264
83259
83244
83212
83211
83206
83205
83204
83166
83153
83147
83123
83120
83106
83101
83099
83093
83092
83089
83084
83081
83073
83071
83070
83068
83053
83044
83039
83035
83020
83012
83001
82995
82990
82973
82964
82952
82950
82949
82947
82943
82937
82935
82934
82918
82915
82913
82911
82908
82898
82897
82887
82886
82885
82877
82869
82867
82854
82848
82847
82822
82820
82810
82807
82794
82790
82767
82762
82756
82722
82720
82719
82711
82711
82710
82708
82703
82703
82694
82689
82687
82663
82657
82657
82657
82655
82651
82650
82646
82636
82627
82617
82612
82608
82604
82581
82567
82550
82548
82542
82536
82523
82508
82498
82485
82483
82450
82449
82445
82444
82440
82402
82401
82391
82375
82368
82366
82351
82347
82344
82332
82331
82326
82323
82318
82301
82300
82289
82289
82283
82269
82244
82243
82230
82229
82228
82220
82211
82199
82198
82177
82174
82170
82159
82156
82140
82133
82127
82125
82123
82123
82115
82099
82080
82075
82051
82038
82033
82012
82009
81989
81987
81973
81960
81959
81955
81915
81908
81903
81888
81881
81876
81874
81860
81855
81853
81840
81817
81814
81809
81763
81761
81751
81720
81698
81681
81676
81668
81664
81661
81651
81650
81646
81599
81588
81576
81563
81539
81520
81492
81487
81486
81469
81463
81454
81445
81444
81433
81431
81422
81415
81397
81393
81382
81382
81368
81348
81344
81330
81329
81285
81282
81270
81261
81259
81251
81250
81232
81225
81211
81206
81206
81200
81197
81173
81148
81146
81125
81098
81089
81089
81073
81070
81065
81059
81045
81031
81013
81006
81006
81004
81002
80989
80989
80978
80970
80963
80958
80939
80932
80929
80919
80907
80900
80897
80892
80867
80862
80842
80835
80826
80812
80803
80802
80762
80759
80728
80723
80709
80707
80702
80702
80696
80683
80676
80673
80670
80665
80662
80659
80658
80657
80651
80637
80635
80634
80619
80608
80599
80592
80585
80581
80575
80574
80574
80563
80559
80559
80545
80541
80526
80523
80518
80506
80498
80479
80474
80470
80465
80430
80425
80414
80404
80389
80386
80383
80327
80316
80304
80294
80294
80286
80276
80270
80261
80249
80245
80235
80233
80216
80193
80192
80190
80177
80156
80154
80150
80114
80108
80095
80081
80050
80050
80029
80027
80022
80019
80018
80018
80003
79988
79987
79978
79976
79953
79952
79922
79914
79892
79884
79882
79881
79870
79864
79846
79845
79835
79833
79833
79832
79831
79828
79811
79806
79795
79760
79757
79754
79752
79720
79715
79697
79695
79683
79662
79655
79636
79633
79623
79622
79612
79601
79589
79569
79546
79545
79536
79521
79514
79497
79487
79487
79474
79468
79463
79459
79451
79443
79439
79412
79409
79384
79380
79376
79372
79358
79356
79351
79350
79341
79337
79321
79301
79298
79295
79291
79280
79268
79264
79260
79259
79249
79247
79246
79245
79241
79238
79223
79212
79204
79189
79184
79178
79174
79171
79140
79136
79134
79128
79126
79116
79106
79090
79090
79087
79085
79085
79081
79080
79073
79065
79058
79057
79049
79047
79046
79022
78982
78973
78964
78943
78941
78941
78937
78930
78925
78911
78885
78884
78878
78852
78835
78832
78822
78812
78808
78792
78780
78770
78768
78763
78758
78752
78741
78741
78726
78698
78694
78693
78689
78680
78678
78665
78664
78656
78649
78645
78643
78643
78641
78625
78621
78619
78610
78608
78602
78598
78591
78570
78543
78532
78525
78486
78486
78477
78464
78459
78458
78448
78441
78416
78410
78406
78400
78397
78396
78395
78387
78384
78358
78355
78347
78344
78317
78315
78310
78310
78306
78297
78292
78284
78284
78260
78257
78249
78247
78245
78237
78233
78227
78216
78201
78190
78187
78168
78150
78137
78123
78112
78104
78103
78095
78089
78088
78061
78037
78026
78022
78014
78001
77996
77995
77974
77968
77954
77954
77950
77946
77938
77928
77926
77918
77902
77879
77876
77875
77859
77859
77852
77832
77802
77800
77793
77789
77788
77786
77774
77771
77759
77755
77753
77716
77716
77712
77706
77704
77685
77677
77673
77666
77651
77629
77625
77608
77592
77564
77564
77558
77554
77527
77520
77518
77508
77498
77491
77474
77465
77453
77451
77450
77414
77413
77411
77399
77383
77376
77371
77368
77367
77296
77265
77259
77252
77216
77214
77209
77208
77205
77202
77195
77183
77169
77159
77153
77117
77112
77111
77108
77101
77079
77070
77070
77065
77063
77048
77029
77024
77022
77006
76991
76962
76960
76952
76950
76949
76940
76939
76934
76923
76907
76884
76872
76872
76872
76860
76844
76832
76829
76815
76815
76814
76788
76779
76778
76778
76774
76773
76755
76730
76721
76714
76710
76698
76693
76688
76678
76678
76670
76669
76628
76615
76602
76600
76588
76587
76586
76561
76555
76534
76532
76520
76486
76469
76468
76452
76441
76440
76438
76431
76429
76381
76373
76369
76366
76363
76356
76355
76355
76310
76275
76265
76265
76256
76219
76215
76210
76199
76197
76172
76159
76158
76156
76154
76149
76140
76135
76050
76022
76002
75998
75967
75931
75916
75911
75897
75896
75895
75886
75878
75871
75859
75842
75810
75800
75796
75791
75778
75768
75758
75736
75730
75721
75717
75705
75697
75688
75688
75669
75651
75641
75629
75612
75600
75599
75591
75589
75587
75578
75558
75557
75553
75547
75541
75539
75534
75517
75513
75494
75484
75482
75453
75449
75445
75440
75437
75431
75411
75408
75376
75375
75361
75359
75342
75339
75330
75324
75318
75306
75298
75297
75283
75282
75265
75263
75255
75243
75238
75233
75230
75217
75207
75191
75188
75188
75186
75171
75124
75108
75101
75084
75067
75046
75037
75025
75018
75018
75003
74986
74974
74973
74945
74941
74929
74924
74920
74919
74911
74888
74886
74878
74862
74860
74829
74824
74824
74776
74721
74716
74714
74711
74702
74701
74695
74693
74688
74683
74680
74678
74677
74677
74676
74672
74652
74625
74618
74612
74577
74575
74569
74566
74541
74515
74507
74500
74498
74494
74465
74449
74433
74418
74402
74399
74389
74380
74359
74358
74348
74339
74335
74329
74323
74321
74316
74296
74290
74288
74285
74276
74272
74265
74248
74233
74232
74216
74192
74182
74172
74167
74148
74148
74144
74129
74111
74105
74097
74096
74086
74078
74064
74059
74054
74022
74019
73996
73984
73982
73974
73958
73949
73934
73928
73914
73903
73903
73900
73885
73884
73864
73858
73856
73850
73844
73841
73835
73829
73826
73815
73808
73807
73803
73798
73785
73783
73776
73775
73765
73752
73746
73722
73703
73694
73689
73681
73667
73644
73641
73641
73641
73637
73621
73601
73587
73577
73574
73568
73564
73560
73559
73555
73546
73526
73509
73509
73507
73478
73464
73461
73459
73459
73455
73454
73441
73437
73420
73410
73410
73408
73388
73378
73353
73350
73346
73342
73337
73327
73318
73307
73303
73296
73266
73256
73244
73239
73209
73186
73145
73125
73112
73084
73074
73065
73064
73031
73026
73016
73014
73013
73006
72999
72992
72982
72978
72974
72964
72958
72953
72952
72951
72947
72918
72917
72908
72903
72883
72873
72867
72863
72844
72835
72833
72823
72821
72815
72801
72796
72770
72770
72761
72753
72730
72724
72716
72715
72704
72672
72662
72657
72656
72654
72653
72650
72647
72647
72646
72630
72607
72601
72591
72584
72584
72572
72563
72557
72547
72533
72499
72491
72489
72469
72464
72436
72435
72414
72408
72405
72404
72393
72388
72374
72371
72355
72315
72314
72302
72297
72296
72288
72277
72271
72269
72266
72253
72253
72248
72230
72227
72224
72218
72206
72202
72202
72201
72195
72195
72155
72131
72129
72123
72104
72103
72100
72096
72088
72073
72070
72065
72063
72062
72029
71995
71994
71991
71989
71977
71949
71944
71932
71930
71928
71916
71907
71893
71870
71837
71828
71825
71814
71814
71790
71786
71769
71751
71743
71739
71716
71682
71682
71681
71651
71642
71625
71602
71596
71585
71580
71548
71547
71546
71537
71537
71525
71507
71506
71489
71487
71484
71480
71451
71428
71403
71375
71346
71332
71325
71316
71297
71296
71292
71270
71247
71246
71243
71241
71235
71233
71220
71215
71213
71204
71203
71199
71197
71194
71172
71154
71135
71133
71126
71123
71121
71107
71105
71105
71100
71094
71085
71065
71054
71044
71043
71025
71023
71006
71003
70987
70982
70975
70972
70963
70959
70944
70937
70931
70920
70866
70862
70861
70850
70843
70836
70822
70814
70780
70779
70777
70760
70757
70734
70732
70716
70716
70711
70711
70707
70678
70673
70670
70669
70655
70652
70651
70637
70627
70621
70618
70616
70598
70583
70567
70550
70532
70503
70493
70470
70465
70463
70459
70453
70453
70430
70429
70424
70404
70399
70385
70382
70348
70339
70337
70331
70316
70314
70312
70308
70292
70287
70253
70249
70242
70241
70225
70184
70174
70162
70153
70137
70131
70107
70101
70101
70094
70092
70056
70055
70052
70051
70048
70027
70017
70005
70004
69987
69968
69965
69940
69929
69905
69903
69902
69901
69897
69895
69895
69872
69870
69854
69848
69838
69838
69828
69817
69816
69813
69807
69801
69761
69719
69712
69702
69691
69678
69676
69671
69667
69628
69628
69619
69603
69601
69599
69597
69597
69581
69578
69571
69527
69519
69515
69515
69506
69485
69447
69443
69438
69437
69437
69413
69395
69393
69391
69389
69384
69373
69373
69366
69361
69350
69327
69313
69311
69309
69305
69305
69305
69302
69299
69290
69290
69255
69253
69247
69235
69228
69210
69206
69203
69198
69194
69192
69174
69145
69143
69125
69116
69111
69110
69074
69073
69066
69056
69055
69055
69045
69029
69028
69025
69021
69008
69003
69003
68988
68979
68967
68964
68956
68951
68932
68892
68887
68884
68873
68863
68861
68842
68838
68838
68816
68796
68795
68787
68782
68773
68771
68770
68731
68724
68723
68719
68684
68657
68649
68643
68637
68637
68635
68632
68631
68613
68611
68609
68606
68606
68599
68573
68552
68551
68544
68531
68520
68509
68502
68489
68473
68472
68462
68444
68434
68430
68426
68418
68395
68394
68390
68389
68358
68355
68341
68328
68323
68320
68300
68290
68286
68285
68284
68280
68268
68266
68262
68256
68249
68242
68230
68214
68206
68205
68195
68186
68171
68154
68095
68092
68073
68025
68024
68018
68016
68014
68001
68000
68000
67994
67992
67984
67967
67963
67951
67946
67929
67880
67870
67866
67856
67853
67834
67828
67828
67810
67802
67795
67785
67760
67756
67743
67720
67676
67661
67657
67645
67641
67629
67626
67611
67610
67607
67604
67597
67592
67581
67576
67568
67562
67557
67551
67547
67528
67523
67523
67522
67521
67483
67481
67468
67456
67455
67453
67452
67452
67449
67447
67441
67432
67427
67422
67405
67398
67398
67395
67385
67385
67384
67367
67367
67360
67355
67353
67350
67333
67318
67302
67297
67284
67273
67259
67257
67248
67244
67235
67234
67234
67234
67216
67197
67181
67177
67168
67154
67148
67140
67130
67117
67116
67114
67108
67095
67076
67072
67071
67061
67059
67056
67031
67027
67024
67019
67018
67006
66988
66980
66960
66956
66944
66939
66934
66919
66884
66874
66865
66836
66832
66809
66807
66800
66796
66792
66784
66740
66738
66733
66719
66718
66702
66691
66691
66681
66670
66641
66640
66633
66628
66608
66597
66587
66564
66535
66534
66531
66531
66529
66526
66510
66509
66507
66502
66488
66469
66469
66456
66446
66441
66427
66416
66409
66393
66391
66388
66383
66372
66360
66349
66346
66345
66342
66333
66303
66293
66277
66272
66259
66239
66235
66234
66230
66230
66222
66204
66201
66197
66191
66178
66171
66161
66156
66125
66117
66108
66094
66093
66084
66080
66066
66062
66048
66046
66030
66028
66021
66008
65988
65986
65983
65976
65975
65972
65970
65964
65900
65898
65890
65879
65862
65857
65856
65854
65839
65839
65831
65828
65827
65819
65808
65791
65782
65758
65757
65753
65742
65716
65707
65707
65703
65699
65693
65692
65686
65667
65625
65619
65600
65568
65554
65545
65529
65526
65489
65488
65481
65480
65444
65433
65415
65405
65391
65383
65377
65375
65359
65359
65359
65335
65332
65329
65311
65302
65288
65278
65268
65266
65264
65254
65247
65244
65229
65213
65211
65207
65199
65185
65165
65155
65150
65146
65137
65099
65075
65040
65036
65035
65034
65030
65029
64971
64946
64932
64924
64923
64905
64901
64900
64899
64886
64878
64850
64846
64842
64832
64821
64812
64807
64800
64797
64795
64747
64738
64729
64728
64716
64710
64708
64706
64688
64685
64663
64653
64653
64604
64597
64588
64578
64566
64556
64535
64533
64528
64522
64518
64514
64496
64471
64460
64442
64430
64429
64429
64418
64415
64409
64384
64362
64348
64309
64285
64281
64274
64272
64263
64258
64242
64237
64218
64214
64208
64189
64185
64184
64184
64153
64144
64139
64111
64080
64072
64052
64051
64038
64031
64028
64024
64021
64020
63996
63991
63972
63971
63970
63945
63930
63923
63922
63918
63906
63883
63878
63863
63858
63828
63821
63817
63779
63771
63769
63745
63742
63728
63725
63714
63709
63693
63685
63674
63669
63657
63655
63632
63617
63611
63609
63593
63583
63579
63575
63572
63568
63568
63564
63546
63545
63521
63520
63519
63512
63509
63509
63508
63503
63503
63501
63497
63495
63494
63483
63478
63474
63472
63464
63450
63437
63419
63408
63389
63378
63376
63371
63367
63365
63360
63345
63336
63325
63324
63317
63317
63315
63301
63296
63256
63225
63220
63205
63198
63198
63196
63193
63164
63161
63158
63140
63137
63132
63123
63122
63112
63112
63106
63102
63077
63075
63066
63063
63050
63047
63041
63025
63020
63020
62979
62978
62966
62964
62961
62943
62938
62929
62921
62906
62903
62900
62891
62890
62869
62869
62868
62863
62848
62829
62826
62820
62795
62780
62765
62743
62743
62690
62669
62651
62647
62638
62620
62612
62597
62597
62592
62548
62537
62507
62506
62504
62503
62497
62486
62485
62473
62464
62448
62442
62439
62436
62407
62387
62387
62385
62377
62356
62345
62331
62324
62323
62308
62300
62266
62264
62263
62259
62242
62242
62228
62227
62220
62213
62206
62179
62176
62171
62151
62129
62121
62106
62104
62078
62074
62065
62064
62058
62056
62044
62042
62033
62025
62012
62004
62000
61995
61991
61985
61963
61961
61954
61896
61888
61877
61876
61870
61869
61863
61863
61861
61855
61852
61817
61774
61765
61763
61749
61746
61745
61734
61725
61719
61718
61707
61703
61697
61682
61678
61669
61662
61651
61650
61641
61634
61615
61609
61603
61600
61591
61575
61560
61546
61529
61527
61504
61501
61501
61484
61478
61476
61476
61475
61470
61465
61460
61451
61446
61444
61427
61422
61408
61372
61372
61353
61329
61308
61304
61291
61272
61234
61228
61227
61212
61211
61183
61183
61168
61154
61149
61143
61143
61142
61140
61132
61127
61119
61061
61059
61059
61058
61049
61033
61029
61027
61008
61008
60996
60978
60972
60967
60966
60953
60929
60924
60923
60918
60896
60883
60883
60875
60871
60854
60845
60828
60827
60824
60824
60800
60796
60786
60753
60741
60722
60704
60694
60678
60671
60671
60661
60649
60630
60626
60613
60603
60599
60591
60590
60584
60571
60566
60540
60531
60524
60502
60457
60446
60435
60417
60390
60387
60381
60378
60370
60369
60363
60349
60341
60327
60321
60315
60313
60298
60280
60279
60258
60238
60236
60221
60218
60211
60207
60206
60202
60169
60157
60100
60089
60081
60072
60034
60032
60028
60023
59986
59981
59980
59971
59957
59952
59944
59940
59899
59890
59872
59855
59849
59842
59836
59815
59809
59802
59795
59784
59784
59751
59713
59706
59698
59689
59681
59678
59675
59672
59669
59668
59664
59654
59653
59634
59634
59628
59628
59623
59619
59616
59608
59602
59602
59602
59598
59569
59563
59558
59547
59539
59525
59525
59498
59498
59497
59497
59496
59495
59484
59480
59449
59418
59393
59387
59371
59362
59360
59356
59324
59316
59303
59287
59284
59271
59265
59246
59225
59204
59161
59143
59142
59135
59112
59098
59086
59077
59072
59067
59052
59051
58996
58994
58961
58958
58956
58950
58947
58936
58911
58886
58885
58872
58869
58868
58855
58838
58837
58831
58829
58823
58819
58813
58808
58759
58752
58746
58743
58735
58735
58671
58668
58655
58638
58601
58564
58560
58543
58527
58526
58514
58503
58492
58477
58476
58474
58463
58451
58448
58447
58425
58385
58378
58374
58354
58350
58347
58344
58343
58329
58314
58313
58285
58279
58272
58266
58262
58257
58246
58245
58237
58229
58219
58211
58207
58197
58173
58172
58158
58133
58115
58109
58088
58087
58084
58082
58072
58070
58044
58027
58020
58016
58010
57991
57969
57947
57925
57921
57908
57895
57884
57884
57880
57874
57856
57849
57845
57845
57842
57841
57837
57836
57833
57820
57813
57809
57779
57779
57776
57772
57772
57750
57742
57737
57728
57713
57707
57704
57665
57624
57620
57606
57593
57584
57583
57582
57554
57551
57540
57538
57529
57524
57524
57521
57510
57506
57466
57460
57451
57451
57448
57431
57429
57419
57419
57418
57416
57407
57384
57383
57375
57370
57356
57348
57339
57331
57328
57326
57313
57306
57296
57295
57282
57277
57264
57260
57243
57239
57223
57171
57166
57156
57154
57145
57141
57137
57133
57130
57124
57121
57118
57117
57107
57102
57096
57076
57069
57048
57045
57037
57034
57023
57019
57008
56981
56978
56971
56968
56968
56965
56963
56962
56951
56950
56926
56888
56878
56864
56851
56841
56824
56788
56776
56767
56756
56737
56726
56716
56715
56703
56652
56640
56632
56623
56620
56619
56615
56598
56579
56578
56558
56553
56545
56543
56532
56509
56507
56503
56500
56495
56491
56487
56485
56483
56471
56469
56456
56443
56442
56425
56400
56395
56390
56390
56387
56370
56358
56353
56350
56327
56327
56312
56302
56293
56266
56265
56240
56239
56219
56193
56157
56136
56123
56102
56094
56092
56089
56085
56054
56035
56025
56007
55982
55971
55967
55961
55958
55949
55940
55932
55912
55910
55889
55870
55864
55863
55861
55855
55838
55832
55830
55822
55820
55781
55771
55751
55745
55735
55732
55729
55726
55722
55721
55710
55708
55697
55697
55694
55693
55687
55684
55679
55678
55673
55663
55660
55652
55644
55625
55618
55614
55603
55601
55585
55577
55567
55567
55563
55555
55539
55536
55535
55506
55504
55502
55494
55492
55486
55484
55478
55460
55444
55437
55434
55425
55421
55415
55412
55405
55391
55383
55378
55376
55366
55364
55346
55328
55324
55319
55309
55309
55309
55308
55277
55272
55271
55262
55260
55244
55227
55226
55207
55201
55186
55167
55164
55155
55142
55131
55115
55095
55091
55079
55071
55067
55052
55049
55047
55046
55044
55035
55030
55025
55022
54998
54989
54983
54982
54980
54977
54972
54970
54941
54923
54909
54892
54872
54870
54855
54846
54786
54784
54768
54750
54736
54732
54732
54713
54712
54705
54699
54683
54683
54681
54669
54658
54658
54650
54649
54634
54633
54626
54625
54612
54588
54561
54542
54540
54530
54527
54517
54514
54497
54496
54482
54461
54454
54451
54440
54428
54409
54401
54389
54376
54375
54371
54371
54365
54358
54353
54350
54342
54340
54339
54336
54333
54313
54302
54276
54272
54263
54257
54253
54252
54237
54232
54224
54222
54220
54207
54197
54193
54178
54146
54129
54109
54095
54083
54069
54067
54062
54043
54040
54029
54015
54002
53999
53999
53978
53961
53960
53952
53945
53931
53923
53912
53890
53886
53867
53864
53864
53858
53854
53841
53827
53796
53791
53784
53775
53760
53758
53752
53736
53734
53707
53685
53680
53676
53674
53660
53653
53647
53610
53603
53564
53560
53554
53548
53512
53512
53489
53463
53462
53461
53457
53440
53428
53425
53409
53396
53395
53378
53350
53345
53343
53305
53299
53295
53294
53293
53292
53291
53282
53277
53270
53270
53268
53263
53260
53257
53257
53254
53244
53244
53243
53233
53220
53207
53196
53191
53169
53168
53167
53166
53135
53118
53108
53106
53080
53076
53072
53068
53068
53067
53055
53052
53042
53032
53031
53025
52992
52975
52975
52974
52971
52956
52951
52946
52940
52939
52928
52914
52912
52885
52874
52865
52859
52833
52825
52817
52789
52786
52783
52780
52765
52758
52742
52740
52739
52733
52717
52714
52712
52705
52702
52693
52684
52655
52647
52637
52633
52633
52629
52612
52593
52591
52583
52566
52542
52518
52514
52506
52495
52494
52494
52491
52488
52477
52463
52433
52428
52411
52400
52374
52369
52366
52363
52349
52341
52338
52320
52311
52291
52268
52245
52242
52241
52227
52223
52203
52192
52183
52175
52145
52126
52125
52124
52094
52088
52087
52086
52073
52052
52035
52006
52001
51993
51993
51989
51966
51962
51951
51940
51919
51900
51893
51892
51890
51880
51869
51868
51858
51855
51848
51841
51764
51750
51743
51736
51725
51700
51692
51678
51670
51669
51660
51648
51644
51633
51633
51630
51624
51612
51612
51603
51573
51549
51537
51527
51523
51519
51512
51511
51504
51498
51498
51496
51495
51483
51483
51469
51454
51453
51450
51432
51428
51404
51395
51374
51372
51372
51367
51345
51345
51306
51294
51290
51284
51268
51267
51252
51243
51233
51215
51213
51201
51198
51190
51176
51169
51168
51166
51160
51149
51144
51133
51130
51124
51111
51110
51096
51093
51085
51083
51079
51067
51037
51036
51030
51028
51009
51001
51000
50985
50970
50955
50948
50934
50925
50922
50916
50907
50904
50902
50896
50893
50879
50868
50865
50858
50856
50854
50851
50851
50846
50818
50818
50814
50807
50797
50789
50780
50771
50768
50766
50757
50744
50740
50732
50706
50666
50660
50642
50641
50639
50635
50634
50623
50615
50607
50604
50563
50555
50553
50539
50538
50526
50526
50497
50474
50466
50439
50437
50437
50430
50426
50419
50409
50384
50376
50373
50373
50370
50362
50361
50347
50329
50319
50313
50313
50306
50303
50300
50283
50277
50273
50249
50244
50242
50239
50220
50210
50199
50191
50157
50156
50154
50151
50150
50130
50127
50124
50098
50089
50085
50083
50066
50059
50051
50042
50007
50001
49988
49984
49964
49963
49944
49934
49933
49913
49899
49838
49832
49811
49800
49787
49774
49760
49756
49718
49700
49681
49653
49651
49597
49589
49586
49563
49546
49546
49544
49540
49536
49534
49533
49515
49509
49509
49504
49496
49495
49492
49491
49480
49480
49477
49470
49470
49456
49454
49439
49400
49377
49366
49362
49360
49337
49318
49315
49306
49295
49293
49288
49287
49271
49262
49261
49256
49256
49225
49215
49200
49200
49194
49163
49122
49116
49114
49101
49100
49077
49072
49067
49065
49062
49061
49060
49045
49035
49028
49025
49015
49012
48989
48966
48933
48897
48895
48894
48886
48877
48870
48865
48862
48858
48825
48819
48817
48816
48815
48805
48795
48789
48784
48755
48744
48736
48735
48734
48730
48721
48719
48713
48704
48696
48689
48683
48678
48668
48664
48626
48605
48604
48588
48567
48564
48555
48550
48534
48510
48509
48500
48497
48483
48475
48467
48463
48462
48462
48431
48423
48402
48396
48394
48391
48389
48380
48355
48355
48295
48276
48266
48259
48252
48252
48250
48247
48243
48238
48230
48210
48173
48159
48151
48118
48098
48096
48060
48046
48046
48045
48034
48026
48025
48014
47996
47990
47982
47979
47976
47973
47961
47947
47917
47915
47894
47886
47874
47861
47859
47857
47857
47856
47848
47840
47837
47834
47798
47787
47766
47758
47757
47711
47708
47679
47678
47652
47644
47639
47635
47623
47601
47594
47593
47591
47582
47580
47565
47554
47548
47532
47531
47529
47526
47526
47516
47515
47501
47495
47488
47482
47465
47458
47450
47449
47428
47410
47404
47399
47397
47379
47374
47373
47350
47346
47311
47286
47285
47266
47265
47263
47252
47233
47230
47229
47216
47209
47208
47207
47194
47188
47188
47177
47177
47165
47153
47141
47135
47133
47127
47116
47102
47096
47080
47079
47021
47004
46971
46944
46934
46930
46915
46900
46900
46898
46886
46874
46874
46865
46850
46803
46768
46767
46763
46750
46741
46734
46734
46725
46716
46700
46693
46690
46683
46682
46681
46654
46645
46613
46608
46605
46592
46592
46568
46559
46555
46473
46444
46442
46437
46421
46420
46392
46378
46328
46319
46318
46309
46306
46305
46292
46290
46279
46267
46258
46253
46248
46246
46219
46212
46156
46151
46142
46141
46138
46124
46116
46109
46108
46098
46089
46081
46064
46062
46049
46039
46025
46007
45998
45983
45980
45976
45964
45961
45961
45959
45946
45942
45940
45925
45908
45905
45902
45887
45884
45875
45870
45862
45825
45812
45810
45808
45807
45804
45792
45727
45725
45723
45722
45698
45675
45674
45663
45653
45647
45635
45635
45631
45630
45623
45620
45617
45600
45591
45586
45572
45570
45568
45566
45559
45535
45525
45521
45492
45491
45490
45484
45482
45470
45461
45460
45440
45440
45434
45399
45384
45369
45366
45365
45363
45356
45353
45343
45330
45312
45311
45310
45304
45303
45298
45298
45297
45294
45289
45288
45287
45287
45277
45254
45245
45237
45222
45217
45188
45144
45124
45120
45118
45097
45092
45085
45085
45080
45066
45052
45040
45024
45017
45005
44975
44946
44931
44924
44919
44916
44906
44906
44901
44892
44888
44822
44807
44791
44787
44783
44776
44759
44747
44733
44705
44694
44693
44693
44682
44674
44651
44631
44605
44601
44599
44593
44586
44513
44509
44483
44479
44477
44475
44462
44457
44449
44429
44414
44414
44403
44382
44368
44361
44356
44353
44342
44319
44282
44281
44279
44268
44268
44249
44246
44245
44241
44223
44196
44167
44154
44148
44138
44069
44055
44035
44032
43999
43988
43986
43983
43982
43970
43965
43939
43938
43936
43919
43857
43842
43821
43812
43794
43781
43779
43766
43757
43705
43703
43700
43696
43688
43677
43670
43666
43651
43646
43635
43622
43557
43555
43539
43513
43507
43491
43485
43482
43467
43451
43432
43420
43400
43395
43380
43379
43369
43369
43356
43356
43348
43346
43333
43324
43320
43297
43295
43257
43244
43240
43236
43225
43222
43213
43211
43210
43199
43197
43194
43194
43187
43184
43169
43165
43150
43141
43141
43140
43089
43081
43080
43073
43063
43035
43034
43026
43012
42994
42986
42973
42932
42921
42920
42916
42913
42859
42852
42846
42835
42832
42803
42792
42791
42787
42780
42768
42753
42751
42749
42748
42731
42731
42730
42726
42722
42722
42721
42707
42704
42703
42696
42689
42684
42675
42663
42661
42660
42659
42647
42644
42614
42603
42591
42579
42544
42516
42485
42479
42457
42445
42436
42426
42402
42400
42375
42359
42342
42342
42334
42333
42329
42320
42297
42287
42287
42286
42270
42255
42252
42231
42231
42226
42225
42224
42212
42180
42179
42161
42151
42140
42139
42137
42131
42121
42097
42096
42093
42077
42066
42059
42046
42040
42020
42013
42008
41971
41955
41942
41941
41940
41921
41921
41914
41866
41866
41843
41834
41830
41827
41823
41818
41812
41794
41780
41768
41741
41727
41725
41715
41712
41682
41660
41656
41636
41632
41613
41610
41609
41601
41592
41592
41579
41539
41516
41512
41499
41469
41459
41456
41454
41451
41449
41444
41427
41421
41417
41415
41413
41398
41363
41359
41355
41351
41334
41319
41257
41255
41239
41222
41214
41209
41207
41195
41180
41172
41165
41150
41138
41131
41096
41082
41080
41066
41018
41010
41007
41005
40989
40986
40986
40970
40965
40962
40933
40932
40926
40914
40907
40893
40880
40850
40839
40836
40831
40818
40812
40802
40777
40741
40740
40739
40733
40725
40720
40716
40711
40708
40703
40684
40679
40677
40673
40640
40627
40590
40586
40579
40578
40575
40564
40560
40529
40503
40483
40480
40477
40471
40469
40456
40454
40448
40446
40433
40424
40419
40406
40395
40391
40350
40329
40327
40323
40318
40296
40292
40288
40279
40248
40227
40211
40201
40198
40188
40188
40183
40176
40176
40145
40140
40139
40135
40133
40131
40118
40098
40074
40066
40053
40024
40003
39991
39966
39961
39957
39939
39934
39933
39910
39898
39895
39888
39882
39875
39871
39857
39848
39848
39835
39835
39835
39833
39818
39813
39810
39809
39775
39768
39761
39753
39752
39729
39723
39719
39705
39704
39703
39674
39658
39626
39620
39604
39551
39544
39518
39489
39478
39477
39474
39473
39472
39457
39455
39431
39430
39425
39419
39396
39395
39389
39385
39385
39373
39336
39307
39301
39283
39277
39264
39255
39250
39248
39234
39234
39223
39203
39202
39198
39184
39181
39122
39118
39118
39098
39091
39086
39081
39063
39057
39045
39040
39038
39032
39028
39026
39023
39022
39012
39005
39001
38983
38964
38957
38950
38947
38943
38939
38928
38917
38909
38907
38903
38895
38890
38882
38881
38880
38868
38866
38864
38863
38861
38861
38847
38816
38811
38804
38785
38777
38763
38759
38751
38743
38739
38729
38727
38719
38717
38681
38658
38657
38626
38612
38608
38608
38600
38597
38591
38579
38576
38564
38534
38528
38525
38525
38520
38515
38512
38510
38510
38501
38486
38474
38469
38461
38460
38452
38415
38414
38399
38396
38393
38379
38344
38338
38332
38323
38314
38296
38295
38295
38278
38274
38271
38270
38269
38265
38261
38257
38256
38241
38229
38220
38204
38199
38195
38180
38178
38168
38159
38158
38134
38128
38123
38119
38070
38070
38063
38063
38057
38048
38045
38038
38024
38018
38007
38002
38002
37998
37991
37974
37971
37959
37941
37925
37917
37917
37903
37876
37869
37868
37864
37863
37845
37842
37837
37825
37806
37801
37800
37774
37769
37737
37736
37727
37716
37703
37679
37650
37638
37637
37632
37628
37628
37610
37606
37600
37595
37579
37575
37569
37558
37552
37544
37538
37535
37516
37500
37475
37475
37473
37468
37465
37458
37450
37438
37431
37411
37409
37398
37394
37388
37370
37337
37333
37331
37317
37285
37284
37280
37279
37271
37259
37232
37202
37176
37175
37161
37158
37157
37151
37145
37143
37135
37125
37117
37114
37102
37088
37086
37065
37051
37028
37009
36979
36976
36955
36948
36926
36923
36920
36916
36891
36875
36869
36863
36847
36844
36829
36813
36811
36797
36795
36794
36792
36786
36784
36782
36782
36775
36769
36753
36751
36743
36689
36676
36667
36655
36641
36634
36624
36613
36612
36610
36599
36592
36584
36579
36574
36572
36562
36554
36548
36539
36532
36529
36514
36512
36462
36458
36426
36404
36379
36372
36371
36345
36336
36323
36320
36315
36314
36307
36306
36302
36292
36291
36286
36267
36265
36220
36218
36208
36204
36200
36192
36192
36180
36174
36161
36160
36156
36146
36127
36123
36123
36119
36106
36103
36100
36060
36029
36002
35999
35997
35970
35954
35944
35934
35933
35924
35919
35910
35906
35902
35900
35889
35878
35845
35808
35806
35793
35786
35774
35763
35759
35757
35755
35732
35719
35700
35698
35696
35695
35677
35668
35649
35639
35632
35629
35628
35612
35596
35579
35576
35575
35543
35543
35543
35517
35516
35505
35480
35466
35461
35459
35440
35432
35404
35398
35390
35371
35354
35353
35349
35344
35327
35319
35317
35316
35310
35291
35287
35284
35283
35260
35251
35248
35231
35231
35200
35195
35183
35175
35172
35172
35172
35171
35168
35167
35103
35094
35083
35074
35071
35069
35058
35024
35017
35013
35010
35009
35005
35002
34992
34982
34978
34967
34966
34951
34943
34920
34907
34881
34881
34872
34854
34837
34824
34823
34815
34801
34795
34775
34771
34762
34760
34760
34758
34753
34752
34746
34744
34736
34717
34702
34697
34662
34658
34646
34637
34637
34632
34631
34627
34620
34616
34609
34589
34588
34587
34587
34567
34562
34559
34557
34550
34544
34539
34529
34521
34515
34512
34510
34505
34496
34495
34487
34477
34466
34454
34451
34438
34421
34390
34379
34379
34376
34357
34355
34336
34329
34307
34303
34283
34265
34257
34249
34236
34230
34213
34210
34160
34140
34134
34129
34087
34083
34078
34078
34075
34056
34047
34040
34033
34032
34019
34006
33995
33988
33982
33976
33968
33955
33954
33953
33944
33940
33940
33939
33936
33932
33919
33905
33893
33869
33837
33828
33777
33774
33763
33744
33727
33714
33704
33697
33682
33672
33671
33670
33667
33653
33637
33617
33582
33563
33556
33541
33522
33515
33499
33490
33485
33480
33475
33460
33453
33450
33442
33430
33428
33424
33424
33416
33412
33411
33343
33323
33317
33301
33295
33274
33269
33262
33242
33227
33205
33182
33181
33180
33167
33162
33143
33142
33138
33126
33123
33122
33114
33100
33096
33078
33074
33073
33067
33066
33060
33060
33059
33045
33032
33007
33005
33001
32996
32991
32978
32978
32977
32972
32963
32962
32962
32956
32952
32932
32925
32887
32884
32874
32864
32862
32860
32845
32832
32831
32828
32806
32800
32786
32785
32769
32767
32758
32752
32733
32730
32693
32675
32673
32661
32654
32646
32644
32630
32610
32603
32600
32588
32564
32563
32560
32557
32553
32548
32547
32546
32545
32545
32539
32534
32529
32515
32491
32479
32462
32452
32434
32424
32409
32405
32392
32391
32387
32387
32378
32374
32355
32341
32337
32326
32326
32324
32321
32313
32306
32300
32299
32295
32292
32289
32288
32278
32267
32265
32263
32256
32255
32253
32246
32245
32242
32228
32222
32208
32205
32189
32182
32177
32171
32162
32148
32139
32126
32118
32110
32108
32106
32095
32086
32070
32058
32052
32049
32024
32013
31994
31988
31983
31962
31959
31928
31927
31909
31906
31881
31871
31869
31867
31857
31850
31850
31842
31821
31811
31799
31796
31795
31775
31763
31756
31754
31753
31731
31715
31708
31699
31696
31694
31673
31669
31663
31645
31627
31623
31616
31614
31598
31563
31557
31552
31549
31546
31540
31528
31508
31488
31471
31459
31447
31446
31425
31401
31369
31360
31347
31342
31318
31316
31312
31311
31308
31283
31278
31273
31272
31265
31249
31244
31232
31229
31227
31224
31217
31216
31208
31192
31190
31171
31170
31162
31139
31117
31115
31112
31088
31079
31068
31066
31048
31042
31034
31024
30980
30977
30972
30970
30930
30924
30920
30915
30905
30898
30894
30888
30883
30875
30872
30860
30831
30828
30825
30825
30816
30810
30801
30782
30778
30776
30769
30762
30752
30739
30733
30722
30689
30689
30686
30679
30670
30606
30604
30588
30581
30555
30552
30533
30531
30527
30467
30456
30451
30448
30437
30435
30433
30413
30412
30410
30404
30402
30392
30384
30365
30344
30296
30277
30274
30264
30257
30254
30245
30240
30238
30233
30226
30193
30174
30166
30155
30150
30140
30138
30132
30129
30115
30113
30109
30106
30095
30090
30079
30067
30064
30044
30042
30038
30027
30024
30011
29997
29986
29983
29938
29905
29894
29859
29836
29831
29830
29826
29820
29816
29801
29795
29781
29744
29739
29729
29712
29706
29704
29689
29689
29681
29646
29601
29599
29597
29591
29580
29572
29550
29549
29547
29541
29513
29500
29488
29463
29450
29418
29393
29383
29382
29365
29351
29347
29338
29322
29318
29308
29273
29252
29249
29244
29241
29239
29238
29226
29221
29214
29212
29207
29200
29195
29189
29184
29173
29154
29143
29126
29118
29114
29110
29097
29091
29073
29066
29057
29037
29028
29005
29003
29001
28995
28986
28980
28977
28975
28972
28972
28970
28955
28951
28930
28879
28878
28874
28869
28864
28858
28842
28828
28813
28789
28786
28785
28767
28760
28754
28715
28704
28704
28702
28698
28681
28674
28673
28664
28661
28660
28654
28652
28651
28646
28617
28569
28558
28555
28554
28550
28526
28513
28512
28502
28497
28493
28490
28486
28479
28477
28473
28472
28470
28460
28449
28447
28446
28445
28443
28440
28437
28404
28393
28378
28343
28342
28337
28327
28319
28301
28285
28277
28258
28250
28246
28242
28241
28232
28221
28173
28166
28161
28154
28151
28146
28117
28102
28090
28089
28088
28088
28073
28055
28051
28035
27995
27968
27961
27949
27949
27927
27901
27878
27876
27861
27853
27849
27845
27838
27831
27814
27813
27803
27783
27771
27751
27740
27725
27717
27706
27703
27697
27695
27690
27676
27674
27660
27656
27642
27642
27629
27615
27587
27583
27564
27557
27544
27544
27534
27531
27524
27523
27513
27512
27508
27500
27489
27486
27480
27480
27465
27464
27454
27448
27447
27440
27436
27429
27416
27415
27411
27400
27379
27351
27350
27348
27327
27312
27310
27305
27300
27299
27290
27286
27271
27234
27205
27201
27197
27193
27170
27164
27162
27162
27153
27146
27141
27139
27119
27117
27113
27110
27105
27100
27089
27068
27059
27055
27051
27043
27033
27032
27029
27028
27010
26982
26981
26966
26954
26923
26910
26897
26884
26883
26879
26874
26861
26855
26851
26844
26840
26824
26821
26796
26789
26783
26779
26768
26767
26767
26764
26754
26737
26731
26728
26722
26699
26686
26669
26665
26655
26635
26604
26595
26572
26569
26526
26518
26512
26512
26506
26494
26492
26458
26432
26427
26419
26402
26399
26394
26394
26382
26375
26371
26357
26337
26328
26327
26319
26319
26318
26312
26311
26310
26297
26295
26290
26283
26278
26264
26263
26237
26222
26215
26192
26182
26181
26172
26152
26147
26130
26125
26110
26110
26109
26107
26104
26093
26084
26069
26069
26068
26066
26065
26015
25999
25997
25995
25982
25976
25967
25966
25961
25960
25959
25947
25927
25914
25908
25902
25897
25896
25892
25882
25881
25877
25876
25855
25850
25841
25841
25800
25785
25776
25769
25740
25733
25725
25715
25701
25693
25693
25684
25682
25680
25679
25666
25664
25658
25628
25620
25618
25608
25608
25584
25548
25526
25513
25486
25463
25454
25451
25424
25419
25414
25411
25411
25406
25387
25370
25357
25343
25332
25307
25303
25281
25278
25268
25245
25179
25167
25167
25158
25153
25149
25129
25126
25126
25123
25122
25116
25101
25096
25091
25091
25081
25073
25068
25060
25047
25046
25041
25036
25019
25013
24993
24976
24974
24949
24946
24937
24929
24895
24893
24847
24835
24834
24827
24826
24814
24812
24806
24802
24786
24776
24772
24742
24740
24717
24701
24699
24695
24693
24692
24671
24666
24658
24657
24649
24642
24639
24637
24631
24610
24604
24591
24574
24564
24560
24552
24540
24524
24517
24516
24508
24506
24505
24495
24479
24465
24416
24413
24396
24394
24379
24356
24339
24327
24326
24319
24319
24314
24308
24287
24263
24256
24252
24207
24191
24190
24158
24147
24143
24135
24119
24114
24110
24108
24106
24102
24101
24092
24083
24082
24078
24063
24060
24050
24046
24029
24025
24025
24004
23999
23997
23971
23971
23967
23942
23924
23915
23910
23889
23874
23865
23860
23841
23823
23818
23793
23788
23786
23776
23774
23769
23763
23711
23704
23695
23683
23673
23651
23645
23636
23625
23597
23595
23593
23585
23584
23574
23572
23547
23540
23535
23533
23511
23505
23499
23494
23487
23464
23463
23458
23447
23441
23435
23420
23399
23375
23372
23370
23368
23362
23326
23323
23322
23317
23317
23315
23294
23290
23245
23226
23226
23222
23222
23207
23202
23194
23188
23187
23186
23181
23167
23160
23157
23150
23142
23140
23135
23127
23126
23122
23105
23100
23086
23082
23075
23074
23065
23011
22984
22973
22973
22962
22943
22941
22940
22938
22936
22931
22928
22919
22910
22901
22887
22885
22884
22882
22882
22796
22787
22787
22785
22783
22774
22766
22766
22766
22763
22759
22751
22733
22696
22690
22682
22659
22655
22645
22643
22639
22636
22608
22606
22601
22591
22583
22561
22561
22557
22546
22545
22543
22541
22522
22487
22482
22473
22473
22471
22461
22447
22430
22411
22409
22393
22390
22389
22348
22345
22345
22331
22314
22291
22261
22259
22254
22246
22245
22202
22193
22191
22165
22145
22142
22121
22119
22114
22104
22104
22086
22084
22069
22064
22029
22027
21997
21986
21983
21982
21981
21960
21949
21927
21923
21913
21909
21893
21890
21890
21889
21885
21884
21883
21871
21862
21832
21808
21783
21778
21747
21745
21742
21719
21706
21706
21687
21678
21661
21657
21647
21645
21641
21640
21617
21596
21594
21581
21578
21567
21560
21551
21549
21548
21532
21516
21509
21500
21497
21466
21455
21440
21414
21397
21396
21391
21381
21372
21359
21352
21351
21345
21338
21315
21313
21302
21300
21289
21288
21286
21266
21264
21254
21250
21235
21231
21222
21205
21189
21188
21179
21172
21168
21168
21159
21152
21146
21132
21126
21124
21096
21075
21072
21070
21068
21067
21063
21058
21053
21041
21036
21030
21006
20999
20998
20998
20995
20994
20991
20987
20985
20975
20957
20956
20954
20940
20909
20899
20892
20884
20874
20863
20861
20859
20854
20853
20848
20832
20826
20818
20786
20784
20780
20772
20769
20765
20761
20740
20732
20728
20713
20706
20699
20697
20694
20675
20660
20652
20643
20638
20620
20618
20615
20598
20596
20572
20571
20568
20559
20534
20530
20501
20499
20486
20467
20462
20455
20446
20429
20423
20417
20404
20389
20376
20368
20362
20352
20350
20347
20341
20339
20336
20334
20327
20324
20314
20294
20284
20275
20251
20239
20224
20216
20207
20205
20203
20201
20165
20163
20154
20147
20136
20135
20122
20117
20113
20094
20088
20087
20080
20078
20044
20038
20032
20026
20021
20000
19993
19947
19945
19935
19935
19900
19897
19894
19888
19887
19884
19857
19842
19837
19835
19832
19829
19815
19783
19776
19775
19761
19735
19694
19664
19661
19646
19639
19617
19614
19603
19585
19559
19553
19544
19542
19537
19536
19532
19527
19522
19521
19515
19506
19493
19491
19487
19482
19477
19476
19471
19463
19442
19441
19419
19368
19368
19349
19347
19335
19321
19305
19303
19282
19282
19269
19252
19217
19195
19184
19163
19160
19156
19117
19088
19066
19045
19019
19019
19007
18991
18974
18973
18962
18947
18941
18938
18926
18908
18884
18884
18865
18859
18856
18850
18836
18805
18802
18795
18781
18775
18745
18738
18726
18689
18677
18669
18663
18654
18648
18646
18639
18638
18630
18628
18627
18623
18610
18607
18590
18589
18580
18577
18575
18571
18566
18562
18556
18552
18552
18549
18531
18503
18502
18494
18487
18487
18461
18456
18443
18435
18410
18381
18368
18363
18362
18360
18358
18350
18345
18340
18339
18334
18312
18307
18303
18303
18301
18300
18291
18289
18258
18248
18229
18210
18188
18176
18171
18165
18157
18153
18128
18120
18102
18077
18077
18069
18065
18054
18039
18036
18029
18010
18006
18003
17997
17997
17970
17930
17927
17920
17920
17919
17902
17886
17884
17879
17870
17841
17837
17802
17790
17789
17785
17779
17774
17763
17745
17736
17730
17728
17716
17699
17692
17688
17688
17686
17650
17640
17635
17612
17611
17610
17601
17577
17567
17550
17521
17517
17507
17497
17468
17462
17443
17426
17423
17423
17422
17412
17404
17376
17367
17365
17350
17341
17316
17286
17284
17272
17266
17229
17227
17223
17205
17203
17177
17167
17165
17159
17148
17135
17125
17120
17119
17118
17112
17111
17103
17098
17087
17085
17079
17076
17073
17070
17067
17062
17061
17059
17047
17047
17045
17042
17009
16987
16985
16971
16969
16941
16936
16933
16924
16918
16916
16914
16913
16895
16885
16884
16873
16862
16861
16857
16857
16848
16840
16830
16823
16822
16800
16794
16790
16789
16789
16787
16786
16780
16760
16759
16750
16743
16732
16729
16724
16703
16687
16643
16641
16593
16589
16578
16576
16572
16568
16557
16557
16549
16546
16543
16535
16490
16482
16468
16458
16456
16435
16418
16414
16414
16379
16345
16340
16327
16323
16310
16288
16286
16272
16250
16249
16232
16230
16230
16222
16213
16201
16195
16195
16190
16183
16175
16153
16147
16121
16118
16117
16111
16106
16093
16086
16084
16080
16080
16080
16073
16068
16066
16057
16053
16050
16038
16036
16030
16022
16018
16012
16011
16002
15996
15991
15986
15970
15968
15967
15943
15928
15910
15897
15864
15862
15862
15857
15856
15855
15848
15821
15817
15805
15804
15804
15804
15800
15796
15795
15753
15737
15731
15714
15710
15695
15693
15682
15651
15597
15592
15590
15590
15588
15557
15547
15544
15536
15531
15522
15519
15502
15490
15464
15463
15451
15414
15414
15393
15329
15328
15323
15308
15306
15298
15294
15286
15285
15267
15261
15258
15244
15228
15213
15212
15211
15206
15202
15198
15145
15083
15074
15059
15059
15037
15007
15002
14986
14985
14956
14955
14929
14911
14906
14904
14871
14863
14860
14856
14849
14841
14833
14820
14810
14797
14740
14731
14730
14720
14711
14670
14663
14656
14619
14605
14594
14589
14578
14569
14565
14552
14536
14519
14512
14510
14505
14496
14485
14475
14472
14469
14452
14446
14445
14438
14427
14426
14421
14417
14411
14408
14406
14405
14390
14388
14387
14382
14382
14379
14357
14354
14354
14344
14307
14301
14300
14290
14287
14282
14281
14275
14266
14256
14256
14249
14230
14216
14210
14202
14182
14181
14180
14127
14118
14111
14089
14083
14078
14069
14063
14056
14048
14045
14040
14036
14032
14007
14002
14000
13990
13974
13974
13945
13942
13938
13930
13918
13915
13906
13895
13890
13878
13873
13868
13864
13827
13808
13783
13778
13764
13747
13743
13742
13738
13733
13729
13715
13705
13705
13700
13697
13693
13689
13681
13668
13657
13639
13638
13629
13622
13600
13597
13587
13585
13574
13545
13543
13538
13530
13529
13483
13482
13462
13460
13453
13437
13420
13420
13417
13396
13388
13381
13364
13363
13362
13360
13317
13290
13282
13217
13216
13193
13189
13179
13172
13167
13162
13153
13109
13104
13071
13060
13050
13043
13034
13010
12998
12979
12979
12975
12967
12964
12957
12948
12943
12934
12933
12933
12903
12884
12880
12878
12866
12863
12863
12854
12826
12825
12824
12820
12819
12812
12809
12798
12794
12794
12783
12763
12753
12708
12699
12695
12673
12670
12638
12625
12623
12610
12607
12606
12604
12603
12569
12568
12566
12561
12550
12541
12537
12532
12522
12521
12520
12517
12498
12481
12471
12452
12430
12414
12389
12389
12378
12377
12365
12364
12360
12353
12349
12328
12325
12325
12317
12311
12237
12234
12233
12233
12204
12197
12178
12176
12160
12156
12151
12142
12126
12107
12107
12096
12093
12088
12088
12088
12078
12059
12053
12052
12047
12037
12015
12009
11997
11990
11990
11979
11976
11967
11966
11953
11937
11925
11913
11912
11856
11848
11846
11844
11841
11834
11831
11825
11817
11810
11806
11800
11755
11750
11744
11742
11739
11738
11713
11709
11691
11687
11685
11679
11678
11670
11663
11653
11644
11642
11623
11622
11613
11600
11598
11583
11578
11577
11576
11576
11574
11559
11551
11549
11540
11522
11516
11487
11484
11477
11454
11452
11448
11444
11431
11428
11424
11418
11416
11398
11392
11391
11356
11340
11325
11321
11314
11295
11291
11288
11281
11275
11264
11261
11254
11253
11249
11247
11207
11206
11197
11192
11168
11158
11147
11119
11102
11097
11089
11079
11065
11058
11049
11044
11043
11032
11019
10989
10977
10972
10968
10953
10944
10943
10928
10919
10910
10891
10888
10876
10871
10868
10854
10841
10815
10783
10716
10709
10705
10699
10698
10692
10684
10681
10647
10643
10625
10622
10607
10603
10587
10585
10570
10570
10567
10564
10547
10543
10539
10538
10529
10521
10515
10478
10477
10474
10472
10461
10442
10437
10434
10433
10430
10430
10422
10418
10410
10408
10403
10395
10375
10373
10358
10355
10339
10332
10324
10313
10312
10303
10300
10285
10264
10250
10249
10248
10226
10193
10190
10188
10185
10183
10176
10138
10103
10100
10088
10081
10060
10051
10050
10033
10030
10013
10011
10004
9994
9975
9970
9961
9957
9946
9940
9923
9892
9888
9888
9870
9838
9836
9803
9789
9785
9769
9766
9764
9756
9754
9752
9747
9734
9732
9728
9709
9689
9689
9682
9673
9668
9665
9662
9662
9658
9637
9634
9596
9575
9573
9573
9557
9553
9541
9534
9515
9496
9468
9429
9421
9412
9410
9402
9382
9378
9377
9368
9361
9356
9351
9350
9349
9335
9323
9323
9316
9308
9302
9299
9294
9292
9292
9290
9284
9281
9279
9278
9272
9262
9253
9249
9231
9217
9197
9190
9172
9106
9096
9094
9091
9089
9088
9050
9041
9039
9018
9017
9010
8996
8975
8974
8959
8955
8945
8941
8928
8919
8896
8896
8887
8884
8870
8851
8849
8841
8830
8828
8826
8806
8798
8784
8766
8750
8728
8719
8715
8679
8671
8659
8655
8632
8626
8617
8613
8607
8600
8590
8572
8555
8546
8527
8511
8511
8508
8496
8496
8484
8457
8441
8439
8424
8402
8402
8360
8357
8353
8351
8349
8347
8343
8340
8337
8331
8296
8292
8284
8271
8271
8268
8261
8250
8245
8245
8231
8214
8214
8209
8203
8197
8181
8156
8138
8132
8132
8121
8118
8094
8067
8059
8029
8029
7998
7995
7980
7980
7974
7972
7960
7951
7939
7930
7930
7929
7927
7919
7900
7897
7891
7884
7882
7854
7852
7844
7827
7818
7780
7773
7746
7744
7709
7709
7699
7693
7689
7681
7677
7649
7645
7641
7628
7625
7622
7608
7607
7600
7594
7593
7562
7554
7554
7546
7542
7539
7538
7534
7530
7527
7494
7476
7458
7451
7425
7398
7395
7354
7348
7340
7325
7305
7289
7281
7278
7265
7250
7239
7236
7234
7234
7220
7210
7189
7189
7186
7185
7175
7170
7167
7159
7133
7129
7096
7095
7085
7083
7081
7068
7064
7061
7060
7043
7030
7029
7012
7005
6988
6982
6982
6943
6919
6903
6901
6892
6887
6876
6853
6845
6836
6806
6782
6762
6758
6752
6751
6733
6723
6719
6713
6708
6698
6694
6693
6688
6687
6686
6674
6649
6630
6603
6588
6578
6575
6575
6558
6539
6539
6524
6485
6477
6462
6429
6424
6423
6390
6383
6372
6365
6346
6339
6334
6276
6267
6264
6255
6247
6244
6205
6202
6185
6183
6180
6179
6165
6160
6150
6145
6127
6125
6116
6111
6075
6063
6063
6059
6050
6043
6038
6034
6032
6029
6018
5997
5997
5991
5988
5969
5967
5961
5961
5951
5939
5931
5924
5917
5908
5900
5891
5882
5873
5873
5867
5856
5843
5832
5823
5823
5818
5816
5802
5791
5790
5786
5782
5780
5758
5743
5741
5726
5724
5720
5708
5696
5689
5672
5664
5660
5649
5625
5624
5600
5596
5571
5563
5549
5548
5546
5540
5538
5531
5529
5522
5520
5504
5498
5484
5447
5440
5428
5423
5405
5398
5395
5388
5385
5377
5376
5367
5364
5359
5333
5317
5311
5310
5294
5286
5261
5243
5211
5199
5185
5174
5173
5148
5145
5128
5125
5109
5103
5093
5076
5050
5021
5013
5007
5006
5005
4998
4972
4960
4955
4954
4951
4936
4935
4916
4911
4904
4894
4876
4872
4868
4846
4832
4828
4815
4802
4792
4726
4721
4713
4712
4705
4696
4695
4658
4657
4655
4653
4647
4646
4638
4629
4626
4619
4618
4597
4578
4571
4570
4560
4556
4542
4540
4534
4514
4504
4487
4447
4445
4432
4423
4418
4398
4375
4368
4355
4352
4333
4331
4331
4319
4302
4298
4288
4283
4272
4270
4263
4259
4242
4241
4221
4220
4192
4153
4148
4148
4128
4124
4107
4092
4081
4075
4073
4072
4062
4053
4040
4033
4018
3983
3976
3967
3952
3949
3945
3939
3926
3920
3890
3874
3871
3863
3852
3829
3822
3816
3806
3802
3788
3787
3776
3775
3774
3769
3755
3740
3738
3735
3733
3732
3721
3711
3711
3706
3688
3677
3675
3671
3670
3666
3663
3610
3610
3593
3590
3580
3577
3576
3571
3552
3550
3525
3515
3509
3502
3496
3493
3474
3467
3433
3427
3416
3405
3386
3380
3377
3373
3368
3363
3355
3338
3318
3315
3271
3252
3252
3250
3235
3234
3224
3209
3207
3200
3198
3189
3175
3167
3154
3141
3138
3131
3123
3115
3112
3102
3088
3083
3080
3032
3031
2985
2977
2972
2948
2927
2923
2920
2918
2917
2911
2904
2881
2881
2880
2873
2855
2845
2834
2828
2822
2817
2775
2769
2759
2755
2755
2747
2740
2735
2724
2711
2690
2674
2644
2630
2628
2626
2615
2614
2576
2557
2552
2543
2540
2539
2528
2517
2502
2494
2478
2476
2470
2468
2460
2453
2452
2450
2448
2427
2421
2416
2407
2405
2386
2379
2373
2372
2370
2368
2359
2325
2323
2317
2296
2285
2283
2283
2264
2263
2262
2251
2251
2236
2227
2215
2202
2177
2166
2161
2161
2147
2135
2133
2126
2124
2118
2113
2099
2090
2084
2079
2074
2046
2039
2035
2034
2030
1983
1970
1969
1963
1958
1953
1944
1930
1915
1911
1903
1902
1874
1873
1866
1854
1845
1833
1831
1826
1818
1816
1801
1797
1795
1760
1741
1706
1647
1630
1612
1598
1583
1582
1565
1552
1546
1544
1543
1537
1525
1508
1504
1486
1485
1469
1468
1464
1457
1424
1415
1410
1404
1398
1367
1330
1326
1319
1316
1311
1302
1296
1291
1285
1269
1265
1258
1255
1243
1227
1227
1219
1216
1210
1205
1201
1145
1133
1126
1047
1045
1042
1026
1013
981
965
958
956
955
947
940
937
911
904
901
895
872
865
842
841
839
836
825
817
817
816
801
786
784
778
776
761
747
737
729
721
719
717
713
705
683
683
660
658
658
642
625
618
615
613
607
592
568
563
539
519
503
486
480
473
469
467
443
426
418
411
407
400
391
388
357
343
340
338
330
311
308
301
281
260
182
169
168
126
123
95
86
81
80
78
71
60
57
37
32
22
